/*--------------------------------*- C++ -*----------------------------------*\
| =========                 |                                                 |
| \\      /  F ield         | OpenFOAM: The Open Source CFD Toolbox           |
|  \\    /   O peration     | Version:  2406                                  |
|   \\  /    A nd           | Website:  www.openfoam.com                      |
|    \\/     M anipulation  |                                                 |
\*---------------------------------------------------------------------------*/
FoamFile
{
    version     2.0;
    format      ascii;
    arch        "LSB;label=32;scalar=64";
    note        "nPoints:18942  nCells:9200  nFaces:37070  nInternalFaces:18130";
    class       labelList;
    location    "constant/polyMesh";
    object      neighbour;
}
// * * * * * * * * * * * * * * * * * * * * * * * * * * * * * * * * * * * * * //


18130
(
1
80
2
81
3
82
4
83
5
84
6
85
7
86
8
87
9
88
10
89
11
90
12
91
13
92
14
93
15
94
16
95
17
96
18
97
19
98
20
99
21
100
22
101
23
102
24
103
25
104
26
105
27
106
28
107
29
108
30
109
31
110
32
111
33
112
34
113
35
114
36
115
37
116
38
117
39
118
40
119
41
120
42
121
43
122
44
123
45
124
46
125
47
126
48
127
49
128
50
129
51
130
52
131
53
132
54
133
55
134
56
135
57
136
58
137
59
138
60
139
61
140
62
141
63
142
64
143
65
144
66
145
67
146
68
147
69
148
70
149
71
150
72
151
73
152
74
153
75
154
76
155
77
156
78
157
79
158
159
3200
81
160
82
161
83
162
84
163
85
164
86
165
87
166
88
167
89
168
90
169
91
170
92
171
93
172
94
173
95
174
96
175
97
176
98
177
99
178
100
179
101
180
102
181
103
182
104
183
105
184
106
185
107
186
108
187
109
188
110
189
111
190
112
191
113
192
114
193
115
194
116
195
117
196
118
197
119
198
120
199
121
200
122
201
123
202
124
203
125
204
126
205
127
206
128
207
129
208
130
209
131
210
132
211
133
212
134
213
135
214
136
215
137
216
138
217
139
218
140
219
141
220
142
221
143
222
144
223
145
224
146
225
147
226
148
227
149
228
150
229
151
230
152
231
153
232
154
233
155
234
156
235
157
236
158
237
159
238
239
3230
161
240
162
241
163
242
164
243
165
244
166
245
167
246
168
247
169
248
170
249
171
250
172
251
173
252
174
253
175
254
176
255
177
256
178
257
179
258
180
259
181
260
182
261
183
262
184
263
185
264
186
265
187
266
188
267
189
268
190
269
191
270
192
271
193
272
194
273
195
274
196
275
197
276
198
277
199
278
200
279
201
280
202
281
203
282
204
283
205
284
206
285
207
286
208
287
209
288
210
289
211
290
212
291
213
292
214
293
215
294
216
295
217
296
218
297
219
298
220
299
221
300
222
301
223
302
224
303
225
304
226
305
227
306
228
307
229
308
230
309
231
310
232
311
233
312
234
313
235
314
236
315
237
316
238
317
239
318
319
3260
241
320
242
321
243
322
244
323
245
324
246
325
247
326
248
327
249
328
250
329
251
330
252
331
253
332
254
333
255
334
256
335
257
336
258
337
259
338
260
339
261
340
262
341
263
342
264
343
265
344
266
345
267
346
268
347
269
348
270
349
271
350
272
351
273
352
274
353
275
354
276
355
277
356
278
357
279
358
280
359
281
360
282
361
283
362
284
363
285
364
286
365
287
366
288
367
289
368
290
369
291
370
292
371
293
372
294
373
295
374
296
375
297
376
298
377
299
378
300
379
301
380
302
381
303
382
304
383
305
384
306
385
307
386
308
387
309
388
310
389
311
390
312
391
313
392
314
393
315
394
316
395
317
396
318
397
319
398
399
3290
321
400
322
401
323
402
324
403
325
404
326
405
327
406
328
407
329
408
330
409
331
410
332
411
333
412
334
413
335
414
336
415
337
416
338
417
339
418
340
419
341
420
342
421
343
422
344
423
345
424
346
425
347
426
348
427
349
428
350
429
351
430
352
431
353
432
354
433
355
434
356
435
357
436
358
437
359
438
360
439
361
440
362
441
363
442
364
443
365
444
366
445
367
446
368
447
369
448
370
449
371
450
372
451
373
452
374
453
375
454
376
455
377
456
378
457
379
458
380
459
381
460
382
461
383
462
384
463
385
464
386
465
387
466
388
467
389
468
390
469
391
470
392
471
393
472
394
473
395
474
396
475
397
476
398
477
399
478
479
3320
401
480
402
481
403
482
404
483
405
484
406
485
407
486
408
487
409
488
410
489
411
490
412
491
413
492
414
493
415
494
416
495
417
496
418
497
419
498
420
499
421
500
422
501
423
502
424
503
425
504
426
505
427
506
428
507
429
508
430
509
431
510
432
511
433
512
434
513
435
514
436
515
437
516
438
517
439
518
440
519
441
520
442
521
443
522
444
523
445
524
446
525
447
526
448
527
449
528
450
529
451
530
452
531
453
532
454
533
455
534
456
535
457
536
458
537
459
538
460
539
461
540
462
541
463
542
464
543
465
544
466
545
467
546
468
547
469
548
470
549
471
550
472
551
473
552
474
553
475
554
476
555
477
556
478
557
479
558
559
3350
481
560
482
561
483
562
484
563
485
564
486
565
487
566
488
567
489
568
490
569
491
570
492
571
493
572
494
573
495
574
496
575
497
576
498
577
499
578
500
579
501
580
502
581
503
582
504
583
505
584
506
585
507
586
508
587
509
588
510
589
511
590
512
591
513
592
514
593
515
594
516
595
517
596
518
597
519
598
520
599
521
600
522
601
523
602
524
603
525
604
526
605
527
606
528
607
529
608
530
609
531
610
532
611
533
612
534
613
535
614
536
615
537
616
538
617
539
618
540
619
541
620
542
621
543
622
544
623
545
624
546
625
547
626
548
627
549
628
550
629
551
630
552
631
553
632
554
633
555
634
556
635
557
636
558
637
559
638
639
3380
561
640
562
641
563
642
564
643
565
644
566
645
567
646
568
647
569
648
570
649
571
650
572
651
573
652
574
653
575
654
576
655
577
656
578
657
579
658
580
659
581
660
582
661
583
662
584
663
585
664
586
665
587
666
588
667
589
668
590
669
591
670
592
671
593
672
594
673
595
674
596
675
597
676
598
677
599
678
600
679
601
680
602
681
603
682
604
683
605
684
606
685
607
686
608
687
609
688
610
689
611
690
612
691
613
692
614
693
615
694
616
695
617
696
618
697
619
698
620
699
621
700
622
701
623
702
624
703
625
704
626
705
627
706
628
707
629
708
630
709
631
710
632
711
633
712
634
713
635
714
636
715
637
716
638
717
639
718
719
3410
641
720
642
721
643
722
644
723
645
724
646
725
647
726
648
727
649
728
650
729
651
730
652
731
653
732
654
733
655
734
656
735
657
736
658
737
659
738
660
739
661
740
662
741
663
742
664
743
665
744
666
745
667
746
668
747
669
748
670
749
671
750
672
751
673
752
674
753
675
754
676
755
677
756
678
757
679
758
680
759
681
760
682
761
683
762
684
763
685
764
686
765
687
766
688
767
689
768
690
769
691
770
692
771
693
772
694
773
695
774
696
775
697
776
698
777
699
778
700
779
701
780
702
781
703
782
704
783
705
784
706
785
707
786
708
787
709
788
710
789
711
790
712
791
713
792
714
793
715
794
716
795
717
796
718
797
719
798
799
3440
721
800
722
801
723
802
724
803
725
804
726
805
727
806
728
807
729
808
730
809
731
810
732
811
733
812
734
813
735
814
736
815
737
816
738
817
739
818
740
819
741
820
742
821
743
822
744
823
745
824
746
825
747
826
748
827
749
828
750
829
751
830
752
831
753
832
754
833
755
834
756
835
757
836
758
837
759
838
760
839
761
840
762
841
763
842
764
843
765
844
766
845
767
846
768
847
769
848
770
849
771
850
772
851
773
852
774
853
775
854
776
855
777
856
778
857
779
858
780
859
781
860
782
861
783
862
784
863
785
864
786
865
787
866
788
867
789
868
790
869
791
870
792
871
793
872
794
873
795
874
796
875
797
876
798
877
799
878
879
3470
801
880
802
881
803
882
804
883
805
884
806
885
807
886
808
887
809
888
810
889
811
890
812
891
813
892
814
893
815
894
816
895
817
896
818
897
819
898
820
899
821
900
822
901
823
902
824
903
825
904
826
905
827
906
828
907
829
908
830
909
831
910
832
911
833
912
834
913
835
914
836
915
837
916
838
917
839
918
840
919
841
920
842
921
843
922
844
923
845
924
846
925
847
926
848
927
849
928
850
929
851
930
852
931
853
932
854
933
855
934
856
935
857
936
858
937
859
938
860
939
861
940
862
941
863
942
864
943
865
944
866
945
867
946
868
947
869
948
870
949
871
950
872
951
873
952
874
953
875
954
876
955
877
956
878
957
879
958
959
3500
881
960
882
961
883
962
884
963
885
964
886
965
887
966
888
967
889
968
890
969
891
970
892
971
893
972
894
973
895
974
896
975
897
976
898
977
899
978
900
979
901
980
902
981
903
982
904
983
905
984
906
985
907
986
908
987
909
988
910
989
911
990
912
991
913
992
914
993
915
994
916
995
917
996
918
997
919
998
920
999
921
1000
922
1001
923
1002
924
1003
925
1004
926
1005
927
1006
928
1007
929
1008
930
1009
931
1010
932
1011
933
1012
934
1013
935
1014
936
1015
937
1016
938
1017
939
1018
940
1019
941
1020
942
1021
943
1022
944
1023
945
1024
946
1025
947
1026
948
1027
949
1028
950
1029
951
1030
952
1031
953
1032
954
1033
955
1034
956
1035
957
1036
958
1037
959
1038
1039
3530
961
1040
962
1041
963
1042
964
1043
965
1044
966
1045
967
1046
968
1047
969
1048
970
1049
971
1050
972
1051
973
1052
974
1053
975
1054
976
1055
977
1056
978
1057
979
1058
980
1059
981
1060
982
1061
983
1062
984
1063
985
1064
986
1065
987
1066
988
1067
989
1068
990
1069
991
1070
992
1071
993
1072
994
1073
995
1074
996
1075
997
1076
998
1077
999
1078
1000
1079
1001
1080
1002
1081
1003
1082
1004
1083
1005
1084
1006
1085
1007
1086
1008
1087
1009
1088
1010
1089
1011
1090
1012
1091
1013
1092
1014
1093
1015
1094
1016
1095
1017
1096
1018
1097
1019
1098
1020
1099
1021
1100
1022
1101
1023
1102
1024
1103
1025
1104
1026
1105
1027
1106
1028
1107
1029
1108
1030
1109
1031
1110
1032
1111
1033
1112
1034
1113
1035
1114
1036
1115
1037
1116
1038
1117
1039
1118
1119
3560
1041
1120
1042
1121
1043
1122
1044
1123
1045
1124
1046
1125
1047
1126
1048
1127
1049
1128
1050
1129
1051
1130
1052
1131
1053
1132
1054
1133
1055
1134
1056
1135
1057
1136
1058
1137
1059
1138
1060
1139
1061
1140
1062
1141
1063
1142
1064
1143
1065
1144
1066
1145
1067
1146
1068
1147
1069
1148
1070
1149
1071
1150
1072
1151
1073
1152
1074
1153
1075
1154
1076
1155
1077
1156
1078
1157
1079
1158
1080
1159
1081
1160
1082
1161
1083
1162
1084
1163
1085
1164
1086
1165
1087
1166
1088
1167
1089
1168
1090
1169
1091
1170
1092
1171
1093
1172
1094
1173
1095
1174
1096
1175
1097
1176
1098
1177
1099
1178
1100
1179
1101
1180
1102
1181
1103
1182
1104
1183
1105
1184
1106
1185
1107
1186
1108
1187
1109
1188
1110
1189
1111
1190
1112
1191
1113
1192
1114
1193
1115
1194
1116
1195
1117
1196
1118
1197
1119
1198
1199
3590
1121
1200
1122
1201
1123
1202
1124
1203
1125
1204
1126
1205
1127
1206
1128
1207
1129
1208
1130
1209
1131
1210
1132
1211
1133
1212
1134
1213
1135
1214
1136
1215
1137
1216
1138
1217
1139
1218
1140
1219
1141
1220
1142
1221
1143
1222
1144
1223
1145
1224
1146
1225
1147
1226
1148
1227
1149
1228
1150
1229
1151
1230
1152
1231
1153
1232
1154
1233
1155
1234
1156
1235
1157
1236
1158
1237
1159
1238
1160
1239
1161
1240
1162
1241
1163
1242
1164
1243
1165
1244
1166
1245
1167
1246
1168
1247
1169
1248
1170
1249
1171
1250
1172
1251
1173
1252
1174
1253
1175
1254
1176
1255
1177
1256
1178
1257
1179
1258
1180
1259
1181
1260
1182
1261
1183
1262
1184
1263
1185
1264
1186
1265
1187
1266
1188
1267
1189
1268
1190
1269
1191
1270
1192
1271
1193
1272
1194
1273
1195
1274
1196
1275
1197
1276
1198
1277
1199
1278
1279
3620
1201
1280
1202
1281
1203
1282
1204
1283
1205
1284
1206
1285
1207
1286
1208
1287
1209
1288
1210
1289
1211
1290
1212
1291
1213
1292
1214
1293
1215
1294
1216
1295
1217
1296
1218
1297
1219
1298
1220
1299
1221
1300
1222
1301
1223
1302
1224
1303
1225
1304
1226
1305
1227
1306
1228
1307
1229
1308
1230
1309
1231
1310
1232
1311
1233
1312
1234
1313
1235
1314
1236
1315
1237
1316
1238
1317
1239
1318
1240
1319
1241
1320
1242
1321
1243
1322
1244
1323
1245
1324
1246
1325
1247
1326
1248
1327
1249
1328
1250
1329
1251
1330
1252
1331
1253
1332
1254
1333
1255
1334
1256
1335
1257
1336
1258
1337
1259
1338
1260
1339
1261
1340
1262
1341
1263
1342
1264
1343
1265
1344
1266
1345
1267
1346
1268
1347
1269
1348
1270
1349
1271
1350
1272
1351
1273
1352
1274
1353
1275
1354
1276
1355
1277
1356
1278
1357
1279
1358
1359
3650
1281
1360
1282
1361
1283
1362
1284
1363
1285
1364
1286
1365
1287
1366
1288
1367
1289
1368
1290
1369
1291
1370
1292
1371
1293
1372
1294
1373
1295
1374
1296
1375
1297
1376
1298
1377
1299
1378
1300
1379
1301
1380
1302
1381
1303
1382
1304
1383
1305
1384
1306
1385
1307
1386
1308
1387
1309
1388
1310
1389
1311
1390
1312
1391
1313
1392
1314
1393
1315
1394
1316
1395
1317
1396
1318
1397
1319
1398
1320
1399
1321
1400
1322
1401
1323
1402
1324
1403
1325
1404
1326
1405
1327
1406
1328
1407
1329
1408
1330
1409
1331
1410
1332
1411
1333
1412
1334
1413
1335
1414
1336
1415
1337
1416
1338
1417
1339
1418
1340
1419
1341
1420
1342
1421
1343
1422
1344
1423
1345
1424
1346
1425
1347
1426
1348
1427
1349
1428
1350
1429
1351
1430
1352
1431
1353
1432
1354
1433
1355
1434
1356
1435
1357
1436
1358
1437
1359
1438
1439
3680
1361
1440
1362
1441
1363
1442
1364
1443
1365
1444
1366
1445
1367
1446
1368
1447
1369
1448
1370
1449
1371
1450
1372
1451
1373
1452
1374
1453
1375
1454
1376
1455
1377
1456
1378
1457
1379
1458
1380
1459
1381
1460
1382
1461
1383
1462
1384
1463
1385
1464
1386
1465
1387
1466
1388
1467
1389
1468
1390
1469
1391
1470
1392
1471
1393
1472
1394
1473
1395
1474
1396
1475
1397
1476
1398
1477
1399
1478
1400
1479
1401
1480
1402
1481
1403
1482
1404
1483
1405
1484
1406
1485
1407
1486
1408
1487
1409
1488
1410
1489
1411
1490
1412
1491
1413
1492
1414
1493
1415
1494
1416
1495
1417
1496
1418
1497
1419
1498
1420
1499
1421
1500
1422
1501
1423
1502
1424
1503
1425
1504
1426
1505
1427
1506
1428
1507
1429
1508
1430
1509
1431
1510
1432
1511
1433
1512
1434
1513
1435
1514
1436
1515
1437
1516
1438
1517
1439
1518
1519
3710
1441
1520
1442
1521
1443
1522
1444
1523
1445
1524
1446
1525
1447
1526
1448
1527
1449
1528
1450
1529
1451
1530
1452
1531
1453
1532
1454
1533
1455
1534
1456
1535
1457
1536
1458
1537
1459
1538
1460
1539
1461
1540
1462
1541
1463
1542
1464
1543
1465
1544
1466
1545
1467
1546
1468
1547
1469
1548
1470
1549
1471
1550
1472
1551
1473
1552
1474
1553
1475
1554
1476
1555
1477
1556
1478
1557
1479
1558
1480
1559
1481
1560
1482
1561
1483
1562
1484
1563
1485
1564
1486
1565
1487
1566
1488
1567
1489
1568
1490
1569
1491
1570
1492
1571
1493
1572
1494
1573
1495
1574
1496
1575
1497
1576
1498
1577
1499
1578
1500
1579
1501
1580
1502
1581
1503
1582
1504
1583
1505
1584
1506
1585
1507
1586
1508
1587
1509
1588
1510
1589
1511
1590
1512
1591
1513
1592
1514
1593
1515
1594
1516
1595
1517
1596
1518
1597
1519
1598
1599
3740
1521
1600
1522
1601
1523
1602
1524
1603
1525
1604
1526
1605
1527
1606
1528
1607
1529
1608
1530
1609
1531
1610
1532
1611
1533
1612
1534
1613
1535
1614
1536
1615
1537
1616
1538
1617
1539
1618
1540
1619
1541
1620
1542
1621
1543
1622
1544
1623
1545
1624
1546
1625
1547
1626
1548
1627
1549
1628
1550
1629
1551
1630
1552
1631
1553
1632
1554
1633
1555
1634
1556
1635
1557
1636
1558
1637
1559
1638
1560
1639
1561
1640
1562
1641
1563
1642
1564
1643
1565
1644
1566
1645
1567
1646
1568
1647
1569
1648
1570
1649
1571
1650
1572
1651
1573
1652
1574
1653
1575
1654
1576
1655
1577
1656
1578
1657
1579
1658
1580
1659
1581
1660
1582
1661
1583
1662
1584
1663
1585
1664
1586
1665
1587
1666
1588
1667
1589
1668
1590
1669
1591
1670
1592
1671
1593
1672
1594
1673
1595
1674
1596
1675
1597
1676
1598
1677
1599
1678
1679
3770
1601
1680
1602
1681
1603
1682
1604
1683
1605
1684
1606
1685
1607
1686
1608
1687
1609
1688
1610
1689
1611
1690
1612
1691
1613
1692
1614
1693
1615
1694
1616
1695
1617
1696
1618
1697
1619
1698
1620
1699
1621
1700
1622
1701
1623
1702
1624
1703
1625
1704
1626
1705
1627
1706
1628
1707
1629
1708
1630
1709
1631
1710
1632
1711
1633
1712
1634
1713
1635
1714
1636
1715
1637
1716
1638
1717
1639
1718
1640
1719
1641
1720
1642
1721
1643
1722
1644
1723
1645
1724
1646
1725
1647
1726
1648
1727
1649
1728
1650
1729
1651
1730
1652
1731
1653
1732
1654
1733
1655
1734
1656
1735
1657
1736
1658
1737
1659
1738
1660
1739
1661
1740
1662
1741
1663
1742
1664
1743
1665
1744
1666
1745
1667
1746
1668
1747
1669
1748
1670
1749
1671
1750
1672
1751
1673
1752
1674
1753
1675
1754
1676
1755
1677
1756
1678
1757
1679
1758
1759
3800
1681
1760
1682
1761
1683
1762
1684
1763
1685
1764
1686
1765
1687
1766
1688
1767
1689
1768
1690
1769
1691
1770
1692
1771
1693
1772
1694
1773
1695
1774
1696
1775
1697
1776
1698
1777
1699
1778
1700
1779
1701
1780
1702
1781
1703
1782
1704
1783
1705
1784
1706
1785
1707
1786
1708
1787
1709
1788
1710
1789
1711
1790
1712
1791
1713
1792
1714
1793
1715
1794
1716
1795
1717
1796
1718
1797
1719
1798
1720
1799
1721
1800
1722
1801
1723
1802
1724
1803
1725
1804
1726
1805
1727
1806
1728
1807
1729
1808
1730
1809
1731
1810
1732
1811
1733
1812
1734
1813
1735
1814
1736
1815
1737
1816
1738
1817
1739
1818
1740
1819
1741
1820
1742
1821
1743
1822
1744
1823
1745
1824
1746
1825
1747
1826
1748
1827
1749
1828
1750
1829
1751
1830
1752
1831
1753
1832
1754
1833
1755
1834
1756
1835
1757
1836
1758
1837
1759
1838
1839
3830
1761
1840
1762
1841
1763
1842
1764
1843
1765
1844
1766
1845
1767
1846
1768
1847
1769
1848
1770
1849
1771
1850
1772
1851
1773
1852
1774
1853
1775
1854
1776
1855
1777
1856
1778
1857
1779
1858
1780
1859
1781
1860
1782
1861
1783
1862
1784
1863
1785
1864
1786
1865
1787
1866
1788
1867
1789
1868
1790
1869
1791
1870
1792
1871
1793
1872
1794
1873
1795
1874
1796
1875
1797
1876
1798
1877
1799
1878
1800
1879
1801
1880
1802
1881
1803
1882
1804
1883
1805
1884
1806
1885
1807
1886
1808
1887
1809
1888
1810
1889
1811
1890
1812
1891
1813
1892
1814
1893
1815
1894
1816
1895
1817
1896
1818
1897
1819
1898
1820
1899
1821
1900
1822
1901
1823
1902
1824
1903
1825
1904
1826
1905
1827
1906
1828
1907
1829
1908
1830
1909
1831
1910
1832
1911
1833
1912
1834
1913
1835
1914
1836
1915
1837
1916
1838
1917
1839
1918
1919
3860
1841
1920
1842
1921
1843
1922
1844
1923
1845
1924
1846
1925
1847
1926
1848
1927
1849
1928
1850
1929
1851
1930
1852
1931
1853
1932
1854
1933
1855
1934
1856
1935
1857
1936
1858
1937
1859
1938
1860
1939
1861
1940
1862
1941
1863
1942
1864
1943
1865
1944
1866
1945
1867
1946
1868
1947
1869
1948
1870
1949
1871
1950
1872
1951
1873
1952
1874
1953
1875
1954
1876
1955
1877
1956
1878
1957
1879
1958
1880
1959
1881
1960
1882
1961
1883
1962
1884
1963
1885
1964
1886
1965
1887
1966
1888
1967
1889
1968
1890
1969
1891
1970
1892
1971
1893
1972
1894
1973
1895
1974
1896
1975
1897
1976
1898
1977
1899
1978
1900
1979
1901
1980
1902
1981
1903
1982
1904
1983
1905
1984
1906
1985
1907
1986
1908
1987
1909
1988
1910
1989
1911
1990
1912
1991
1913
1992
1914
1993
1915
1994
1916
1995
1917
1996
1918
1997
1919
1998
1999
3890
1921
2000
1922
2001
1923
2002
1924
2003
1925
2004
1926
2005
1927
2006
1928
2007
1929
2008
1930
2009
1931
2010
1932
2011
1933
2012
1934
2013
1935
2014
1936
2015
1937
2016
1938
2017
1939
2018
1940
2019
1941
2020
1942
2021
1943
2022
1944
2023
1945
2024
1946
2025
1947
2026
1948
2027
1949
2028
1950
2029
1951
2030
1952
2031
1953
2032
1954
2033
1955
2034
1956
2035
1957
2036
1958
2037
1959
2038
1960
2039
1961
2040
1962
2041
1963
2042
1964
2043
1965
2044
1966
2045
1967
2046
1968
2047
1969
2048
1970
2049
1971
2050
1972
2051
1973
2052
1974
2053
1975
2054
1976
2055
1977
2056
1978
2057
1979
2058
1980
2059
1981
2060
1982
2061
1983
2062
1984
2063
1985
2064
1986
2065
1987
2066
1988
2067
1989
2068
1990
2069
1991
2070
1992
2071
1993
2072
1994
2073
1995
2074
1996
2075
1997
2076
1998
2077
1999
2078
2079
3920
2001
2080
2002
2081
2003
2082
2004
2083
2005
2084
2006
2085
2007
2086
2008
2087
2009
2088
2010
2089
2011
2090
2012
2091
2013
2092
2014
2093
2015
2094
2016
2095
2017
2096
2018
2097
2019
2098
2020
2099
2021
2100
2022
2101
2023
2102
2024
2103
2025
2104
2026
2105
2027
2106
2028
2107
2029
2108
2030
2109
2031
2110
2032
2111
2033
2112
2034
2113
2035
2114
2036
2115
2037
2116
2038
2117
2039
2118
2040
2119
2041
2120
2042
2121
2043
2122
2044
2123
2045
2124
2046
2125
2047
2126
2048
2127
2049
2128
2050
2129
2051
2130
2052
2131
2053
2132
2054
2133
2055
2134
2056
2135
2057
2136
2058
2137
2059
2138
2060
2139
2061
2140
2062
2141
2063
2142
2064
2143
2065
2144
2066
2145
2067
2146
2068
2147
2069
2148
2070
2149
2071
2150
2072
2151
2073
2152
2074
2153
2075
2154
2076
2155
2077
2156
2078
2157
2079
2158
2159
3950
2081
2160
2082
2161
2083
2162
2084
2163
2085
2164
2086
2165
2087
2166
2088
2167
2089
2168
2090
2169
2091
2170
2092
2171
2093
2172
2094
2173
2095
2174
2096
2175
2097
2176
2098
2177
2099
2178
2100
2179
2101
2180
2102
2181
2103
2182
2104
2183
2105
2184
2106
2185
2107
2186
2108
2187
2109
2188
2110
2189
2111
2190
2112
2191
2113
2192
2114
2193
2115
2194
2116
2195
2117
2196
2118
2197
2119
2198
2120
2199
2121
2200
2122
2201
2123
2202
2124
2203
2125
2204
2126
2205
2127
2206
2128
2207
2129
2208
2130
2209
2131
2210
2132
2211
2133
2212
2134
2213
2135
2214
2136
2215
2137
2216
2138
2217
2139
2218
2140
2219
2141
2220
2142
2221
2143
2222
2144
2223
2145
2224
2146
2225
2147
2226
2148
2227
2149
2228
2150
2229
2151
2230
2152
2231
2153
2232
2154
2233
2155
2234
2156
2235
2157
2236
2158
2237
2159
2238
2239
3980
2161
2240
2162
2241
2163
2242
2164
2243
2165
2244
2166
2245
2167
2246
2168
2247
2169
2248
2170
2249
2171
2250
2172
2251
2173
2252
2174
2253
2175
2254
2176
2255
2177
2256
2178
2257
2179
2258
2180
2259
2181
2260
2182
2261
2183
2262
2184
2263
2185
2264
2186
2265
2187
2266
2188
2267
2189
2268
2190
2269
2191
2270
2192
2271
2193
2272
2194
2273
2195
2274
2196
2275
2197
2276
2198
2277
2199
2278
2200
2279
2201
2280
2202
2281
2203
2282
2204
2283
2205
2284
2206
2285
2207
2286
2208
2287
2209
2288
2210
2289
2211
2290
2212
2291
2213
2292
2214
2293
2215
2294
2216
2295
2217
2296
2218
2297
2219
2298
2220
2299
2221
2300
2222
2301
2223
2302
2224
2303
2225
2304
2226
2305
2227
2306
2228
2307
2229
2308
2230
2309
2231
2310
2232
2311
2233
2312
2234
2313
2235
2314
2236
2315
2237
2316
2238
2317
2239
2318
2319
4010
2241
2320
2242
2321
2243
2322
2244
2323
2245
2324
2246
2325
2247
2326
2248
2327
2249
2328
2250
2329
2251
2330
2252
2331
2253
2332
2254
2333
2255
2334
2256
2335
2257
2336
2258
2337
2259
2338
2260
2339
2261
2340
2262
2341
2263
2342
2264
2343
2265
2344
2266
2345
2267
2346
2268
2347
2269
2348
2270
2349
2271
2350
2272
2351
2273
2352
2274
2353
2275
2354
2276
2355
2277
2356
2278
2357
2279
2358
2280
2359
2281
2360
2282
2361
2283
2362
2284
2363
2285
2364
2286
2365
2287
2366
2288
2367
2289
2368
2290
2369
2291
2370
2292
2371
2293
2372
2294
2373
2295
2374
2296
2375
2297
2376
2298
2377
2299
2378
2300
2379
2301
2380
2302
2381
2303
2382
2304
2383
2305
2384
2306
2385
2307
2386
2308
2387
2309
2388
2310
2389
2311
2390
2312
2391
2313
2392
2314
2393
2315
2394
2316
2395
2317
2396
2318
2397
2319
2398
2399
4040
2321
2400
2322
2401
2323
2402
2324
2403
2325
2404
2326
2405
2327
2406
2328
2407
2329
2408
2330
2409
2331
2410
2332
2411
2333
2412
2334
2413
2335
2414
2336
2415
2337
2416
2338
2417
2339
2418
2340
2419
2341
2420
2342
2421
2343
2422
2344
2423
2345
2424
2346
2425
2347
2426
2348
2427
2349
2428
2350
2429
2351
2430
2352
2431
2353
2432
2354
2433
2355
2434
2356
2435
2357
2436
2358
2437
2359
2438
2360
2439
2361
2440
2362
2441
2363
2442
2364
2443
2365
2444
2366
2445
2367
2446
2368
2447
2369
2448
2370
2449
2371
2450
2372
2451
2373
2452
2374
2453
2375
2454
2376
2455
2377
2456
2378
2457
2379
2458
2380
2459
2381
2460
2382
2461
2383
2462
2384
2463
2385
2464
2386
2465
2387
2466
2388
2467
2389
2468
2390
2469
2391
2470
2392
2471
2393
2472
2394
2473
2395
2474
2396
2475
2397
2476
2398
2477
2399
2478
2479
4070
2401
2480
2402
2481
2403
2482
2404
2483
2405
2484
2406
2485
2407
2486
2408
2487
2409
2488
2410
2489
2411
2490
2412
2491
2413
2492
2414
2493
2415
2494
2416
2495
2417
2496
2418
2497
2419
2498
2420
2499
2421
2500
2422
2501
2423
2502
2424
2503
2425
2504
2426
2505
2427
2506
2428
2507
2429
2508
2430
2509
2431
2510
2432
2511
2433
2512
2434
2513
2435
2514
2436
2515
2437
2516
2438
2517
2439
2518
2440
2519
2441
2520
2442
2521
2443
2522
2444
2523
2445
2524
2446
2525
2447
2526
2448
2527
2449
2528
2450
2529
2451
2530
2452
2531
2453
2532
2454
2533
2455
2534
2456
2535
2457
2536
2458
2537
2459
2538
2460
2539
2461
2540
2462
2541
2463
2542
2464
2543
2465
2544
2466
2545
2467
2546
2468
2547
2469
2548
2470
2549
2471
2550
2472
2551
2473
2552
2474
2553
2475
2554
2476
2555
2477
2556
2478
2557
2479
2558
2559
4100
2481
2560
2482
2561
2483
2562
2484
2563
2485
2564
2486
2565
2487
2566
2488
2567
2489
2568
2490
2569
2491
2570
2492
2571
2493
2572
2494
2573
2495
2574
2496
2575
2497
2576
2498
2577
2499
2578
2500
2579
2501
2580
2502
2581
2503
2582
2504
2583
2505
2584
2506
2585
2507
2586
2508
2587
2509
2588
2510
2589
2511
2590
2512
2591
2513
2592
2514
2593
2515
2594
2516
2595
2517
2596
2518
2597
2519
2598
2520
2599
2521
2600
2522
2601
2523
2602
2524
2603
2525
2604
2526
2605
2527
2606
2528
2607
2529
2608
2530
2609
2531
2610
2532
2611
2533
2612
2534
2613
2535
2614
2536
2615
2537
2616
2538
2617
2539
2618
2540
2619
2541
2620
2542
2621
2543
2622
2544
2623
2545
2624
2546
2625
2547
2626
2548
2627
2549
2628
2550
2629
2551
2630
2552
2631
2553
2632
2554
2633
2555
2634
2556
2635
2557
2636
2558
2637
2559
2638
2639
4130
2561
2640
2562
2641
2563
2642
2564
2643
2565
2644
2566
2645
2567
2646
2568
2647
2569
2648
2570
2649
2571
2650
2572
2651
2573
2652
2574
2653
2575
2654
2576
2655
2577
2656
2578
2657
2579
2658
2580
2659
2581
2660
2582
2661
2583
2662
2584
2663
2585
2664
2586
2665
2587
2666
2588
2667
2589
2668
2590
2669
2591
2670
2592
2671
2593
2672
2594
2673
2595
2674
2596
2675
2597
2676
2598
2677
2599
2678
2600
2679
2601
2680
2602
2681
2603
2682
2604
2683
2605
2684
2606
2685
2607
2686
2608
2687
2609
2688
2610
2689
2611
2690
2612
2691
2613
2692
2614
2693
2615
2694
2616
2695
2617
2696
2618
2697
2619
2698
2620
2699
2621
2700
2622
2701
2623
2702
2624
2703
2625
2704
2626
2705
2627
2706
2628
2707
2629
2708
2630
2709
2631
2710
2632
2711
2633
2712
2634
2713
2635
2714
2636
2715
2637
2716
2638
2717
2639
2718
2719
4160
2641
2720
2642
2721
2643
2722
2644
2723
2645
2724
2646
2725
2647
2726
2648
2727
2649
2728
2650
2729
2651
2730
2652
2731
2653
2732
2654
2733
2655
2734
2656
2735
2657
2736
2658
2737
2659
2738
2660
2739
2661
2740
2662
2741
2663
2742
2664
2743
2665
2744
2666
2745
2667
2746
2668
2747
2669
2748
2670
2749
2671
2750
2672
2751
2673
2752
2674
2753
2675
2754
2676
2755
2677
2756
2678
2757
2679
2758
2680
2759
2681
2760
2682
2761
2683
2762
2684
2763
2685
2764
2686
2765
2687
2766
2688
2767
2689
2768
2690
2769
2691
2770
2692
2771
2693
2772
2694
2773
2695
2774
2696
2775
2697
2776
2698
2777
2699
2778
2700
2779
2701
2780
2702
2781
2703
2782
2704
2783
2705
2784
2706
2785
2707
2786
2708
2787
2709
2788
2710
2789
2711
2790
2712
2791
2713
2792
2714
2793
2715
2794
2716
2795
2717
2796
2718
2797
2719
2798
2799
4190
2721
2800
2722
2801
2723
2802
2724
2803
2725
2804
2726
2805
2727
2806
2728
2807
2729
2808
2730
2809
2731
2810
2732
2811
2733
2812
2734
2813
2735
2814
2736
2815
2737
2816
2738
2817
2739
2818
2740
2819
2741
2820
2742
2821
2743
2822
2744
2823
2745
2824
2746
2825
2747
2826
2748
2827
2749
2828
2750
2829
2751
2830
2752
2831
2753
2832
2754
2833
2755
2834
2756
2835
2757
2836
2758
2837
2759
2838
2760
2839
2761
2840
2762
2841
2763
2842
2764
2843
2765
2844
2766
2845
2767
2846
2768
2847
2769
2848
2770
2849
2771
2850
2772
2851
2773
2852
2774
2853
2775
2854
2776
2855
2777
2856
2778
2857
2779
2858
2780
2859
2781
2860
2782
2861
2783
2862
2784
2863
2785
2864
2786
2865
2787
2866
2788
2867
2789
2868
2790
2869
2791
2870
2792
2871
2793
2872
2794
2873
2795
2874
2796
2875
2797
2876
2798
2877
2799
2878
2879
4220
2801
2880
2802
2881
2803
2882
2804
2883
2805
2884
2806
2885
2807
2886
2808
2887
2809
2888
2810
2889
2811
2890
2812
2891
2813
2892
2814
2893
2815
2894
2816
2895
2817
2896
2818
2897
2819
2898
2820
2899
2821
2900
2822
2901
2823
2902
2824
2903
2825
2904
2826
2905
2827
2906
2828
2907
2829
2908
2830
2909
2831
2910
2832
2911
2833
2912
2834
2913
2835
2914
2836
2915
2837
2916
2838
2917
2839
2918
2840
2919
2841
2920
2842
2921
2843
2922
2844
2923
2845
2924
2846
2925
2847
2926
2848
2927
2849
2928
2850
2929
2851
2930
2852
2931
2853
2932
2854
2933
2855
2934
2856
2935
2857
2936
2858
2937
2859
2938
2860
2939
2861
2940
2862
2941
2863
2942
2864
2943
2865
2944
2866
2945
2867
2946
2868
2947
2869
2948
2870
2949
2871
2950
2872
2951
2873
2952
2874
2953
2875
2954
2876
2955
2877
2956
2878
2957
2879
2958
2959
4250
2881
2960
2882
2961
2883
2962
2884
2963
2885
2964
2886
2965
2887
2966
2888
2967
2889
2968
2890
2969
2891
2970
2892
2971
2893
2972
2894
2973
2895
2974
2896
2975
2897
2976
2898
2977
2899
2978
2900
2979
2901
2980
2902
2981
2903
2982
2904
2983
2905
2984
2906
2985
2907
2986
2908
2987
2909
2988
2910
2989
2911
2990
2912
2991
2913
2992
2914
2993
2915
2994
2916
2995
2917
2996
2918
2997
2919
2998
2920
2999
2921
3000
2922
3001
2923
3002
2924
3003
2925
3004
2926
3005
2927
3006
2928
3007
2929
3008
2930
3009
2931
3010
2932
3011
2933
3012
2934
3013
2935
3014
2936
3015
2937
3016
2938
3017
2939
3018
2940
3019
2941
3020
2942
3021
2943
3022
2944
3023
2945
3024
2946
3025
2947
3026
2948
3027
2949
3028
2950
3029
2951
3030
2952
3031
2953
3032
2954
3033
2955
3034
2956
3035
2957
3036
2958
3037
2959
3038
3039
4280
2961
3040
2962
3041
2963
3042
2964
3043
2965
3044
2966
3045
2967
3046
2968
3047
2969
3048
2970
3049
2971
3050
2972
3051
2973
3052
2974
3053
2975
3054
2976
3055
2977
3056
2978
3057
2979
3058
2980
3059
2981
3060
2982
3061
2983
3062
2984
3063
2985
3064
2986
3065
2987
3066
2988
3067
2989
3068
2990
3069
2991
3070
2992
3071
2993
3072
2994
3073
2995
3074
2996
3075
2997
3076
2998
3077
2999
3078
3000
3079
3001
3080
3002
3081
3003
3082
3004
3083
3005
3084
3006
3085
3007
3086
3008
3087
3009
3088
3010
3089
3011
3090
3012
3091
3013
3092
3014
3093
3015
3094
3016
3095
3017
3096
3018
3097
3019
3098
3020
3099
3021
3100
3022
3101
3023
3102
3024
3103
3025
3104
3026
3105
3027
3106
3028
3107
3029
3108
3030
3109
3031
3110
3032
3111
3033
3112
3034
3113
3035
3114
3036
3115
3037
3116
3038
3117
3039
3118
3119
4310
3041
3120
3042
3121
3043
3122
3044
3123
3045
3124
3046
3125
3047
3126
3048
3127
3049
3128
3050
3129
3051
3130
3052
3131
3053
3132
3054
3133
3055
3134
3056
3135
3057
3136
3058
3137
3059
3138
3060
3139
3061
3140
3062
3141
3063
3142
3064
3143
3065
3144
3066
3145
3067
3146
3068
3147
3069
3148
3070
3149
3071
3150
3072
3151
3073
3152
3074
3153
3075
3154
3076
3155
3077
3156
3078
3157
3079
3158
3080
3159
3081
3160
3082
3161
3083
3162
3084
3163
3085
3164
3086
3165
3087
3166
3088
3167
3089
3168
3090
3169
3091
3170
3092
3171
3093
3172
3094
3173
3095
3174
3096
3175
3097
3176
3098
3177
3099
3178
3100
3179
3101
3180
3102
3181
3103
3182
3104
3183
3105
3184
3106
3185
3107
3186
3108
3187
3109
3188
3110
3189
3111
3190
3112
3191
3113
3192
3114
3193
3115
3194
3116
3195
3117
3196
3118
3197
3119
3198
3199
4340
3121
3122
3123
3124
3125
3126
3127
3128
3129
3130
3131
3132
3133
3134
3135
3136
3137
3138
3139
3140
3141
3142
3143
3144
3145
3146
3147
3148
3149
3150
3151
3152
3153
3154
3155
3156
3157
3158
3159
3160
3161
3162
3163
3164
3165
3166
3167
3168
3169
3170
3171
3172
3173
3174
3175
3176
3177
3178
3179
3180
3181
3182
3183
3184
3185
3186
3187
3188
3189
3190
3191
3192
3193
3194
3195
3196
3197
3198
3199
4370
3201
3230
3202
3231
3203
3232
3204
3233
3205
3234
3206
3235
3207
3236
3208
3237
3209
3238
3210
3239
3211
3240
3212
3241
3213
3242
3214
3243
3215
3244
3216
3245
3217
3246
3218
3247
3219
3248
3220
3249
3221
3250
3222
3251
3223
3252
3224
3253
3225
3254
3226
3255
3227
3256
3228
3257
3229
3258
3259
4400
3231
3260
3232
3261
3233
3262
3234
3263
3235
3264
3236
3265
3237
3266
3238
3267
3239
3268
3240
3269
3241
3270
3242
3271
3243
3272
3244
3273
3245
3274
3246
3275
3247
3276
3248
3277
3249
3278
3250
3279
3251
3280
3252
3281
3253
3282
3254
3283
3255
3284
3256
3285
3257
3286
3258
3287
3259
3288
3289
4520
3261
3290
3262
3291
3263
3292
3264
3293
3265
3294
3266
3295
3267
3296
3268
3297
3269
3298
3270
3299
3271
3300
3272
3301
3273
3302
3274
3303
3275
3304
3276
3305
3277
3306
3278
3307
3279
3308
3280
3309
3281
3310
3282
3311
3283
3312
3284
3313
3285
3314
3286
3315
3287
3316
3288
3317
3289
3318
3319
4640
3291
3320
3292
3321
3293
3322
3294
3323
3295
3324
3296
3325
3297
3326
3298
3327
3299
3328
3300
3329
3301
3330
3302
3331
3303
3332
3304
3333
3305
3334
3306
3335
3307
3336
3308
3337
3309
3338
3310
3339
3311
3340
3312
3341
3313
3342
3314
3343
3315
3344
3316
3345
3317
3346
3318
3347
3319
3348
3349
4760
3321
3350
3322
3351
3323
3352
3324
3353
3325
3354
3326
3355
3327
3356
3328
3357
3329
3358
3330
3359
3331
3360
3332
3361
3333
3362
3334
3363
3335
3364
3336
3365
3337
3366
3338
3367
3339
3368
3340
3369
3341
3370
3342
3371
3343
3372
3344
3373
3345
3374
3346
3375
3347
3376
3348
3377
3349
3378
3379
4880
3351
3380
3352
3381
3353
3382
3354
3383
3355
3384
3356
3385
3357
3386
3358
3387
3359
3388
3360
3389
3361
3390
3362
3391
3363
3392
3364
3393
3365
3394
3366
3395
3367
3396
3368
3397
3369
3398
3370
3399
3371
3400
3372
3401
3373
3402
3374
3403
3375
3404
3376
3405
3377
3406
3378
3407
3379
3408
3409
5000
3381
3410
3382
3411
3383
3412
3384
3413
3385
3414
3386
3415
3387
3416
3388
3417
3389
3418
3390
3419
3391
3420
3392
3421
3393
3422
3394
3423
3395
3424
3396
3425
3397
3426
3398
3427
3399
3428
3400
3429
3401
3430
3402
3431
3403
3432
3404
3433
3405
3434
3406
3435
3407
3436
3408
3437
3409
3438
3439
5120
3411
3440
3412
3441
3413
3442
3414
3443
3415
3444
3416
3445
3417
3446
3418
3447
3419
3448
3420
3449
3421
3450
3422
3451
3423
3452
3424
3453
3425
3454
3426
3455
3427
3456
3428
3457
3429
3458
3430
3459
3431
3460
3432
3461
3433
3462
3434
3463
3435
3464
3436
3465
3437
3466
3438
3467
3439
3468
3469
5240
3441
3470
3442
3471
3443
3472
3444
3473
3445
3474
3446
3475
3447
3476
3448
3477
3449
3478
3450
3479
3451
3480
3452
3481
3453
3482
3454
3483
3455
3484
3456
3485
3457
3486
3458
3487
3459
3488
3460
3489
3461
3490
3462
3491
3463
3492
3464
3493
3465
3494
3466
3495
3467
3496
3468
3497
3469
3498
3499
5360
3471
3500
3472
3501
3473
3502
3474
3503
3475
3504
3476
3505
3477
3506
3478
3507
3479
3508
3480
3509
3481
3510
3482
3511
3483
3512
3484
3513
3485
3514
3486
3515
3487
3516
3488
3517
3489
3518
3490
3519
3491
3520
3492
3521
3493
3522
3494
3523
3495
3524
3496
3525
3497
3526
3498
3527
3499
3528
3529
5480
3501
3530
3502
3531
3503
3532
3504
3533
3505
3534
3506
3535
3507
3536
3508
3537
3509
3538
3510
3539
3511
3540
3512
3541
3513
3542
3514
3543
3515
3544
3516
3545
3517
3546
3518
3547
3519
3548
3520
3549
3521
3550
3522
3551
3523
3552
3524
3553
3525
3554
3526
3555
3527
3556
3528
3557
3529
3558
3559
5600
3531
3560
3532
3561
3533
3562
3534
3563
3535
3564
3536
3565
3537
3566
3538
3567
3539
3568
3540
3569
3541
3570
3542
3571
3543
3572
3544
3573
3545
3574
3546
3575
3547
3576
3548
3577
3549
3578
3550
3579
3551
3580
3552
3581
3553
3582
3554
3583
3555
3584
3556
3585
3557
3586
3558
3587
3559
3588
3589
5720
3561
3590
3562
3591
3563
3592
3564
3593
3565
3594
3566
3595
3567
3596
3568
3597
3569
3598
3570
3599
3571
3600
3572
3601
3573
3602
3574
3603
3575
3604
3576
3605
3577
3606
3578
3607
3579
3608
3580
3609
3581
3610
3582
3611
3583
3612
3584
3613
3585
3614
3586
3615
3587
3616
3588
3617
3589
3618
3619
5840
3591
3620
3592
3621
3593
3622
3594
3623
3595
3624
3596
3625
3597
3626
3598
3627
3599
3628
3600
3629
3601
3630
3602
3631
3603
3632
3604
3633
3605
3634
3606
3635
3607
3636
3608
3637
3609
3638
3610
3639
3611
3640
3612
3641
3613
3642
3614
3643
3615
3644
3616
3645
3617
3646
3618
3647
3619
3648
3649
5960
3621
3650
3622
3651
3623
3652
3624
3653
3625
3654
3626
3655
3627
3656
3628
3657
3629
3658
3630
3659
3631
3660
3632
3661
3633
3662
3634
3663
3635
3664
3636
3665
3637
3666
3638
3667
3639
3668
3640
3669
3641
3670
3642
3671
3643
3672
3644
3673
3645
3674
3646
3675
3647
3676
3648
3677
3649
3678
3679
6080
3651
3680
3652
3681
3653
3682
3654
3683
3655
3684
3656
3685
3657
3686
3658
3687
3659
3688
3660
3689
3661
3690
3662
3691
3663
3692
3664
3693
3665
3694
3666
3695
3667
3696
3668
3697
3669
3698
3670
3699
3671
3700
3672
3701
3673
3702
3674
3703
3675
3704
3676
3705
3677
3706
3678
3707
3679
3708
3709
6200
3681
3710
3682
3711
3683
3712
3684
3713
3685
3714
3686
3715
3687
3716
3688
3717
3689
3718
3690
3719
3691
3720
3692
3721
3693
3722
3694
3723
3695
3724
3696
3725
3697
3726
3698
3727
3699
3728
3700
3729
3701
3730
3702
3731
3703
3732
3704
3733
3705
3734
3706
3735
3707
3736
3708
3737
3709
3738
3739
6320
3711
3740
3712
3741
3713
3742
3714
3743
3715
3744
3716
3745
3717
3746
3718
3747
3719
3748
3720
3749
3721
3750
3722
3751
3723
3752
3724
3753
3725
3754
3726
3755
3727
3756
3728
3757
3729
3758
3730
3759
3731
3760
3732
3761
3733
3762
3734
3763
3735
3764
3736
3765
3737
3766
3738
3767
3739
3768
3769
6440
3741
3770
3742
3771
3743
3772
3744
3773
3745
3774
3746
3775
3747
3776
3748
3777
3749
3778
3750
3779
3751
3780
3752
3781
3753
3782
3754
3783
3755
3784
3756
3785
3757
3786
3758
3787
3759
3788
3760
3789
3761
3790
3762
3791
3763
3792
3764
3793
3765
3794
3766
3795
3767
3796
3768
3797
3769
3798
3799
6560
3771
3800
3772
3801
3773
3802
3774
3803
3775
3804
3776
3805
3777
3806
3778
3807
3779
3808
3780
3809
3781
3810
3782
3811
3783
3812
3784
3813
3785
3814
3786
3815
3787
3816
3788
3817
3789
3818
3790
3819
3791
3820
3792
3821
3793
3822
3794
3823
3795
3824
3796
3825
3797
3826
3798
3827
3799
3828
3829
6680
3801
3830
3802
3831
3803
3832
3804
3833
3805
3834
3806
3835
3807
3836
3808
3837
3809
3838
3810
3839
3811
3840
3812
3841
3813
3842
3814
3843
3815
3844
3816
3845
3817
3846
3818
3847
3819
3848
3820
3849
3821
3850
3822
3851
3823
3852
3824
3853
3825
3854
3826
3855
3827
3856
3828
3857
3829
3858
3859
6800
3831
3860
3832
3861
3833
3862
3834
3863
3835
3864
3836
3865
3837
3866
3838
3867
3839
3868
3840
3869
3841
3870
3842
3871
3843
3872
3844
3873
3845
3874
3846
3875
3847
3876
3848
3877
3849
3878
3850
3879
3851
3880
3852
3881
3853
3882
3854
3883
3855
3884
3856
3885
3857
3886
3858
3887
3859
3888
3889
6920
3861
3890
3862
3891
3863
3892
3864
3893
3865
3894
3866
3895
3867
3896
3868
3897
3869
3898
3870
3899
3871
3900
3872
3901
3873
3902
3874
3903
3875
3904
3876
3905
3877
3906
3878
3907
3879
3908
3880
3909
3881
3910
3882
3911
3883
3912
3884
3913
3885
3914
3886
3915
3887
3916
3888
3917
3889
3918
3919
7040
3891
3920
3892
3921
3893
3922
3894
3923
3895
3924
3896
3925
3897
3926
3898
3927
3899
3928
3900
3929
3901
3930
3902
3931
3903
3932
3904
3933
3905
3934
3906
3935
3907
3936
3908
3937
3909
3938
3910
3939
3911
3940
3912
3941
3913
3942
3914
3943
3915
3944
3916
3945
3917
3946
3918
3947
3919
3948
3949
7160
3921
3950
3922
3951
3923
3952
3924
3953
3925
3954
3926
3955
3927
3956
3928
3957
3929
3958
3930
3959
3931
3960
3932
3961
3933
3962
3934
3963
3935
3964
3936
3965
3937
3966
3938
3967
3939
3968
3940
3969
3941
3970
3942
3971
3943
3972
3944
3973
3945
3974
3946
3975
3947
3976
3948
3977
3949
3978
3979
7280
3951
3980
3952
3981
3953
3982
3954
3983
3955
3984
3956
3985
3957
3986
3958
3987
3959
3988
3960
3989
3961
3990
3962
3991
3963
3992
3964
3993
3965
3994
3966
3995
3967
3996
3968
3997
3969
3998
3970
3999
3971
4000
3972
4001
3973
4002
3974
4003
3975
4004
3976
4005
3977
4006
3978
4007
3979
4008
4009
7400
3981
4010
3982
4011
3983
4012
3984
4013
3985
4014
3986
4015
3987
4016
3988
4017
3989
4018
3990
4019
3991
4020
3992
4021
3993
4022
3994
4023
3995
4024
3996
4025
3997
4026
3998
4027
3999
4028
4000
4029
4001
4030
4002
4031
4003
4032
4004
4033
4005
4034
4006
4035
4007
4036
4008
4037
4009
4038
4039
7520
4011
4040
4012
4041
4013
4042
4014
4043
4015
4044
4016
4045
4017
4046
4018
4047
4019
4048
4020
4049
4021
4050
4022
4051
4023
4052
4024
4053
4025
4054
4026
4055
4027
4056
4028
4057
4029
4058
4030
4059
4031
4060
4032
4061
4033
4062
4034
4063
4035
4064
4036
4065
4037
4066
4038
4067
4039
4068
4069
7640
4041
4070
4042
4071
4043
4072
4044
4073
4045
4074
4046
4075
4047
4076
4048
4077
4049
4078
4050
4079
4051
4080
4052
4081
4053
4082
4054
4083
4055
4084
4056
4085
4057
4086
4058
4087
4059
4088
4060
4089
4061
4090
4062
4091
4063
4092
4064
4093
4065
4094
4066
4095
4067
4096
4068
4097
4069
4098
4099
7760
4071
4100
4072
4101
4073
4102
4074
4103
4075
4104
4076
4105
4077
4106
4078
4107
4079
4108
4080
4109
4081
4110
4082
4111
4083
4112
4084
4113
4085
4114
4086
4115
4087
4116
4088
4117
4089
4118
4090
4119
4091
4120
4092
4121
4093
4122
4094
4123
4095
4124
4096
4125
4097
4126
4098
4127
4099
4128
4129
7880
4101
4130
4102
4131
4103
4132
4104
4133
4105
4134
4106
4135
4107
4136
4108
4137
4109
4138
4110
4139
4111
4140
4112
4141
4113
4142
4114
4143
4115
4144
4116
4145
4117
4146
4118
4147
4119
4148
4120
4149
4121
4150
4122
4151
4123
4152
4124
4153
4125
4154
4126
4155
4127
4156
4128
4157
4129
4158
4159
8000
4131
4160
4132
4161
4133
4162
4134
4163
4135
4164
4136
4165
4137
4166
4138
4167
4139
4168
4140
4169
4141
4170
4142
4171
4143
4172
4144
4173
4145
4174
4146
4175
4147
4176
4148
4177
4149
4178
4150
4179
4151
4180
4152
4181
4153
4182
4154
4183
4155
4184
4156
4185
4157
4186
4158
4187
4159
4188
4189
8120
4161
4190
4162
4191
4163
4192
4164
4193
4165
4194
4166
4195
4167
4196
4168
4197
4169
4198
4170
4199
4171
4200
4172
4201
4173
4202
4174
4203
4175
4204
4176
4205
4177
4206
4178
4207
4179
4208
4180
4209
4181
4210
4182
4211
4183
4212
4184
4213
4185
4214
4186
4215
4187
4216
4188
4217
4189
4218
4219
8240
4191
4220
4192
4221
4193
4222
4194
4223
4195
4224
4196
4225
4197
4226
4198
4227
4199
4228
4200
4229
4201
4230
4202
4231
4203
4232
4204
4233
4205
4234
4206
4235
4207
4236
4208
4237
4209
4238
4210
4239
4211
4240
4212
4241
4213
4242
4214
4243
4215
4244
4216
4245
4217
4246
4218
4247
4219
4248
4249
8360
4221
4250
4222
4251
4223
4252
4224
4253
4225
4254
4226
4255
4227
4256
4228
4257
4229
4258
4230
4259
4231
4260
4232
4261
4233
4262
4234
4263
4235
4264
4236
4265
4237
4266
4238
4267
4239
4268
4240
4269
4241
4270
4242
4271
4243
4272
4244
4273
4245
4274
4246
4275
4247
4276
4248
4277
4249
4278
4279
8480
4251
4280
4252
4281
4253
4282
4254
4283
4255
4284
4256
4285
4257
4286
4258
4287
4259
4288
4260
4289
4261
4290
4262
4291
4263
4292
4264
4293
4265
4294
4266
4295
4267
4296
4268
4297
4269
4298
4270
4299
4271
4300
4272
4301
4273
4302
4274
4303
4275
4304
4276
4305
4277
4306
4278
4307
4279
4308
4309
8600
4281
4310
4282
4311
4283
4312
4284
4313
4285
4314
4286
4315
4287
4316
4288
4317
4289
4318
4290
4319
4291
4320
4292
4321
4293
4322
4294
4323
4295
4324
4296
4325
4297
4326
4298
4327
4299
4328
4300
4329
4301
4330
4302
4331
4303
4332
4304
4333
4305
4334
4306
4335
4307
4336
4308
4337
4309
4338
4339
8720
4311
4340
4312
4341
4313
4342
4314
4343
4315
4344
4316
4345
4317
4346
4318
4347
4319
4348
4320
4349
4321
4350
4322
4351
4323
4352
4324
4353
4325
4354
4326
4355
4327
4356
4328
4357
4329
4358
4330
4359
4331
4360
4332
4361
4333
4362
4334
4363
4335
4364
4336
4365
4337
4366
4338
4367
4339
4368
4369
8840
4341
4370
4342
4371
4343
4372
4344
4373
4345
4374
4346
4375
4347
4376
4348
4377
4349
4378
4350
4379
4351
4380
4352
4381
4353
4382
4354
4383
4355
4384
4356
4385
4357
4386
4358
4387
4359
4388
4360
4389
4361
4390
4362
4391
4363
4392
4364
4393
4365
4394
4366
4395
4367
4396
4368
4397
4369
4398
4399
8960
4371
4372
4373
4374
4375
4376
4377
4378
4379
4380
4381
4382
4383
4384
4385
4386
4387
4388
4389
4390
4391
4392
4393
4394
4395
4396
4397
4398
4399
9080
4401
4520
4402
4521
4403
4522
4404
4523
4405
4524
4406
4525
4407
4526
4408
4527
4409
4528
4410
4529
4411
4530
4412
4531
4413
4532
4414
4533
4415
4534
4416
4535
4417
4536
4418
4537
4419
4538
4420
4539
4421
4540
4422
4541
4423
4542
4424
4543
4425
4544
4426
4545
4427
4546
4428
4547
4429
4548
4430
4549
4431
4550
4432
4551
4433
4552
4434
4553
4435
4554
4436
4555
4437
4556
4438
4557
4439
4558
4440
4559
4441
4560
4442
4561
4443
4562
4444
4563
4445
4564
4446
4565
4447
4566
4448
4567
4449
4568
4450
4569
4451
4570
4452
4571
4453
4572
4454
4573
4455
4574
4456
4575
4457
4576
4458
4577
4459
4578
4460
4579
4461
4580
4462
4581
4463
4582
4464
4583
4465
4584
4466
4585
4467
4586
4468
4587
4469
4588
4470
4589
4471
4590
4472
4591
4473
4592
4474
4593
4475
4594
4476
4595
4477
4596
4478
4597
4479
4598
4480
4599
4481
4600
4482
4601
4483
4602
4484
4603
4485
4604
4486
4605
4487
4606
4488
4607
4489
4608
4490
4609
4491
4610
4492
4611
4493
4612
4494
4613
4495
4614
4496
4615
4497
4616
4498
4617
4499
4618
4500
4619
4501
4620
4502
4621
4503
4622
4504
4623
4505
4624
4506
4625
4507
4626
4508
4627
4509
4628
4510
4629
4511
4630
4512
4631
4513
4632
4514
4633
4515
4634
4516
4635
4517
4636
4518
4637
4519
4638
4639
4521
4640
4522
4641
4523
4642
4524
4643
4525
4644
4526
4645
4527
4646
4528
4647
4529
4648
4530
4649
4531
4650
4532
4651
4533
4652
4534
4653
4535
4654
4536
4655
4537
4656
4538
4657
4539
4658
4540
4659
4541
4660
4542
4661
4543
4662
4544
4663
4545
4664
4546
4665
4547
4666
4548
4667
4549
4668
4550
4669
4551
4670
4552
4671
4553
4672
4554
4673
4555
4674
4556
4675
4557
4676
4558
4677
4559
4678
4560
4679
4561
4680
4562
4681
4563
4682
4564
4683
4565
4684
4566
4685
4567
4686
4568
4687
4569
4688
4570
4689
4571
4690
4572
4691
4573
4692
4574
4693
4575
4694
4576
4695
4577
4696
4578
4697
4579
4698
4580
4699
4581
4700
4582
4701
4583
4702
4584
4703
4585
4704
4586
4705
4587
4706
4588
4707
4589
4708
4590
4709
4591
4710
4592
4711
4593
4712
4594
4713
4595
4714
4596
4715
4597
4716
4598
4717
4599
4718
4600
4719
4601
4720
4602
4721
4603
4722
4604
4723
4605
4724
4606
4725
4607
4726
4608
4727
4609
4728
4610
4729
4611
4730
4612
4731
4613
4732
4614
4733
4615
4734
4616
4735
4617
4736
4618
4737
4619
4738
4620
4739
4621
4740
4622
4741
4623
4742
4624
4743
4625
4744
4626
4745
4627
4746
4628
4747
4629
4748
4630
4749
4631
4750
4632
4751
4633
4752
4634
4753
4635
4754
4636
4755
4637
4756
4638
4757
4639
4758
4759
4641
4760
4642
4761
4643
4762
4644
4763
4645
4764
4646
4765
4647
4766
4648
4767
4649
4768
4650
4769
4651
4770
4652
4771
4653
4772
4654
4773
4655
4774
4656
4775
4657
4776
4658
4777
4659
4778
4660
4779
4661
4780
4662
4781
4663
4782
4664
4783
4665
4784
4666
4785
4667
4786
4668
4787
4669
4788
4670
4789
4671
4790
4672
4791
4673
4792
4674
4793
4675
4794
4676
4795
4677
4796
4678
4797
4679
4798
4680
4799
4681
4800
4682
4801
4683
4802
4684
4803
4685
4804
4686
4805
4687
4806
4688
4807
4689
4808
4690
4809
4691
4810
4692
4811
4693
4812
4694
4813
4695
4814
4696
4815
4697
4816
4698
4817
4699
4818
4700
4819
4701
4820
4702
4821
4703
4822
4704
4823
4705
4824
4706
4825
4707
4826
4708
4827
4709
4828
4710
4829
4711
4830
4712
4831
4713
4832
4714
4833
4715
4834
4716
4835
4717
4836
4718
4837
4719
4838
4720
4839
4721
4840
4722
4841
4723
4842
4724
4843
4725
4844
4726
4845
4727
4846
4728
4847
4729
4848
4730
4849
4731
4850
4732
4851
4733
4852
4734
4853
4735
4854
4736
4855
4737
4856
4738
4857
4739
4858
4740
4859
4741
4860
4742
4861
4743
4862
4744
4863
4745
4864
4746
4865
4747
4866
4748
4867
4749
4868
4750
4869
4751
4870
4752
4871
4753
4872
4754
4873
4755
4874
4756
4875
4757
4876
4758
4877
4759
4878
4879
4761
4880
4762
4881
4763
4882
4764
4883
4765
4884
4766
4885
4767
4886
4768
4887
4769
4888
4770
4889
4771
4890
4772
4891
4773
4892
4774
4893
4775
4894
4776
4895
4777
4896
4778
4897
4779
4898
4780
4899
4781
4900
4782
4901
4783
4902
4784
4903
4785
4904
4786
4905
4787
4906
4788
4907
4789
4908
4790
4909
4791
4910
4792
4911
4793
4912
4794
4913
4795
4914
4796
4915
4797
4916
4798
4917
4799
4918
4800
4919
4801
4920
4802
4921
4803
4922
4804
4923
4805
4924
4806
4925
4807
4926
4808
4927
4809
4928
4810
4929
4811
4930
4812
4931
4813
4932
4814
4933
4815
4934
4816
4935
4817
4936
4818
4937
4819
4938
4820
4939
4821
4940
4822
4941
4823
4942
4824
4943
4825
4944
4826
4945
4827
4946
4828
4947
4829
4948
4830
4949
4831
4950
4832
4951
4833
4952
4834
4953
4835
4954
4836
4955
4837
4956
4838
4957
4839
4958
4840
4959
4841
4960
4842
4961
4843
4962
4844
4963
4845
4964
4846
4965
4847
4966
4848
4967
4849
4968
4850
4969
4851
4970
4852
4971
4853
4972
4854
4973
4855
4974
4856
4975
4857
4976
4858
4977
4859
4978
4860
4979
4861
4980
4862
4981
4863
4982
4864
4983
4865
4984
4866
4985
4867
4986
4868
4987
4869
4988
4870
4989
4871
4990
4872
4991
4873
4992
4874
4993
4875
4994
4876
4995
4877
4996
4878
4997
4879
4998
4999
4881
5000
4882
5001
4883
5002
4884
5003
4885
5004
4886
5005
4887
5006
4888
5007
4889
5008
4890
5009
4891
5010
4892
5011
4893
5012
4894
5013
4895
5014
4896
5015
4897
5016
4898
5017
4899
5018
4900
5019
4901
5020
4902
5021
4903
5022
4904
5023
4905
5024
4906
5025
4907
5026
4908
5027
4909
5028
4910
5029
4911
5030
4912
5031
4913
5032
4914
5033
4915
5034
4916
5035
4917
5036
4918
5037
4919
5038
4920
5039
4921
5040
4922
5041
4923
5042
4924
5043
4925
5044
4926
5045
4927
5046
4928
5047
4929
5048
4930
5049
4931
5050
4932
5051
4933
5052
4934
5053
4935
5054
4936
5055
4937
5056
4938
5057
4939
5058
4940
5059
4941
5060
4942
5061
4943
5062
4944
5063
4945
5064
4946
5065
4947
5066
4948
5067
4949
5068
4950
5069
4951
5070
4952
5071
4953
5072
4954
5073
4955
5074
4956
5075
4957
5076
4958
5077
4959
5078
4960
5079
4961
5080
4962
5081
4963
5082
4964
5083
4965
5084
4966
5085
4967
5086
4968
5087
4969
5088
4970
5089
4971
5090
4972
5091
4973
5092
4974
5093
4975
5094
4976
5095
4977
5096
4978
5097
4979
5098
4980
5099
4981
5100
4982
5101
4983
5102
4984
5103
4985
5104
4986
5105
4987
5106
4988
5107
4989
5108
4990
5109
4991
5110
4992
5111
4993
5112
4994
5113
4995
5114
4996
5115
4997
5116
4998
5117
4999
5118
5119
5001
5120
5002
5121
5003
5122
5004
5123
5005
5124
5006
5125
5007
5126
5008
5127
5009
5128
5010
5129
5011
5130
5012
5131
5013
5132
5014
5133
5015
5134
5016
5135
5017
5136
5018
5137
5019
5138
5020
5139
5021
5140
5022
5141
5023
5142
5024
5143
5025
5144
5026
5145
5027
5146
5028
5147
5029
5148
5030
5149
5031
5150
5032
5151
5033
5152
5034
5153
5035
5154
5036
5155
5037
5156
5038
5157
5039
5158
5040
5159
5041
5160
5042
5161
5043
5162
5044
5163
5045
5164
5046
5165
5047
5166
5048
5167
5049
5168
5050
5169
5051
5170
5052
5171
5053
5172
5054
5173
5055
5174
5056
5175
5057
5176
5058
5177
5059
5178
5060
5179
5061
5180
5062
5181
5063
5182
5064
5183
5065
5184
5066
5185
5067
5186
5068
5187
5069
5188
5070
5189
5071
5190
5072
5191
5073
5192
5074
5193
5075
5194
5076
5195
5077
5196
5078
5197
5079
5198
5080
5199
5081
5200
5082
5201
5083
5202
5084
5203
5085
5204
5086
5205
5087
5206
5088
5207
5089
5208
5090
5209
5091
5210
5092
5211
5093
5212
5094
5213
5095
5214
5096
5215
5097
5216
5098
5217
5099
5218
5100
5219
5101
5220
5102
5221
5103
5222
5104
5223
5105
5224
5106
5225
5107
5226
5108
5227
5109
5228
5110
5229
5111
5230
5112
5231
5113
5232
5114
5233
5115
5234
5116
5235
5117
5236
5118
5237
5119
5238
5239
5121
5240
5122
5241
5123
5242
5124
5243
5125
5244
5126
5245
5127
5246
5128
5247
5129
5248
5130
5249
5131
5250
5132
5251
5133
5252
5134
5253
5135
5254
5136
5255
5137
5256
5138
5257
5139
5258
5140
5259
5141
5260
5142
5261
5143
5262
5144
5263
5145
5264
5146
5265
5147
5266
5148
5267
5149
5268
5150
5269
5151
5270
5152
5271
5153
5272
5154
5273
5155
5274
5156
5275
5157
5276
5158
5277
5159
5278
5160
5279
5161
5280
5162
5281
5163
5282
5164
5283
5165
5284
5166
5285
5167
5286
5168
5287
5169
5288
5170
5289
5171
5290
5172
5291
5173
5292
5174
5293
5175
5294
5176
5295
5177
5296
5178
5297
5179
5298
5180
5299
5181
5300
5182
5301
5183
5302
5184
5303
5185
5304
5186
5305
5187
5306
5188
5307
5189
5308
5190
5309
5191
5310
5192
5311
5193
5312
5194
5313
5195
5314
5196
5315
5197
5316
5198
5317
5199
5318
5200
5319
5201
5320
5202
5321
5203
5322
5204
5323
5205
5324
5206
5325
5207
5326
5208
5327
5209
5328
5210
5329
5211
5330
5212
5331
5213
5332
5214
5333
5215
5334
5216
5335
5217
5336
5218
5337
5219
5338
5220
5339
5221
5340
5222
5341
5223
5342
5224
5343
5225
5344
5226
5345
5227
5346
5228
5347
5229
5348
5230
5349
5231
5350
5232
5351
5233
5352
5234
5353
5235
5354
5236
5355
5237
5356
5238
5357
5239
5358
5359
5241
5360
5242
5361
5243
5362
5244
5363
5245
5364
5246
5365
5247
5366
5248
5367
5249
5368
5250
5369
5251
5370
5252
5371
5253
5372
5254
5373
5255
5374
5256
5375
5257
5376
5258
5377
5259
5378
5260
5379
5261
5380
5262
5381
5263
5382
5264
5383
5265
5384
5266
5385
5267
5386
5268
5387
5269
5388
5270
5389
5271
5390
5272
5391
5273
5392
5274
5393
5275
5394
5276
5395
5277
5396
5278
5397
5279
5398
5280
5399
5281
5400
5282
5401
5283
5402
5284
5403
5285
5404
5286
5405
5287
5406
5288
5407
5289
5408
5290
5409
5291
5410
5292
5411
5293
5412
5294
5413
5295
5414
5296
5415
5297
5416
5298
5417
5299
5418
5300
5419
5301
5420
5302
5421
5303
5422
5304
5423
5305
5424
5306
5425
5307
5426
5308
5427
5309
5428
5310
5429
5311
5430
5312
5431
5313
5432
5314
5433
5315
5434
5316
5435
5317
5436
5318
5437
5319
5438
5320
5439
5321
5440
5322
5441
5323
5442
5324
5443
5325
5444
5326
5445
5327
5446
5328
5447
5329
5448
5330
5449
5331
5450
5332
5451
5333
5452
5334
5453
5335
5454
5336
5455
5337
5456
5338
5457
5339
5458
5340
5459
5341
5460
5342
5461
5343
5462
5344
5463
5345
5464
5346
5465
5347
5466
5348
5467
5349
5468
5350
5469
5351
5470
5352
5471
5353
5472
5354
5473
5355
5474
5356
5475
5357
5476
5358
5477
5359
5478
5479
5361
5480
5362
5481
5363
5482
5364
5483
5365
5484
5366
5485
5367
5486
5368
5487
5369
5488
5370
5489
5371
5490
5372
5491
5373
5492
5374
5493
5375
5494
5376
5495
5377
5496
5378
5497
5379
5498
5380
5499
5381
5500
5382
5501
5383
5502
5384
5503
5385
5504
5386
5505
5387
5506
5388
5507
5389
5508
5390
5509
5391
5510
5392
5511
5393
5512
5394
5513
5395
5514
5396
5515
5397
5516
5398
5517
5399
5518
5400
5519
5401
5520
5402
5521
5403
5522
5404
5523
5405
5524
5406
5525
5407
5526
5408
5527
5409
5528
5410
5529
5411
5530
5412
5531
5413
5532
5414
5533
5415
5534
5416
5535
5417
5536
5418
5537
5419
5538
5420
5539
5421
5540
5422
5541
5423
5542
5424
5543
5425
5544
5426
5545
5427
5546
5428
5547
5429
5548
5430
5549
5431
5550
5432
5551
5433
5552
5434
5553
5435
5554
5436
5555
5437
5556
5438
5557
5439
5558
5440
5559
5441
5560
5442
5561
5443
5562
5444
5563
5445
5564
5446
5565
5447
5566
5448
5567
5449
5568
5450
5569
5451
5570
5452
5571
5453
5572
5454
5573
5455
5574
5456
5575
5457
5576
5458
5577
5459
5578
5460
5579
5461
5580
5462
5581
5463
5582
5464
5583
5465
5584
5466
5585
5467
5586
5468
5587
5469
5588
5470
5589
5471
5590
5472
5591
5473
5592
5474
5593
5475
5594
5476
5595
5477
5596
5478
5597
5479
5598
5599
5481
5600
5482
5601
5483
5602
5484
5603
5485
5604
5486
5605
5487
5606
5488
5607
5489
5608
5490
5609
5491
5610
5492
5611
5493
5612
5494
5613
5495
5614
5496
5615
5497
5616
5498
5617
5499
5618
5500
5619
5501
5620
5502
5621
5503
5622
5504
5623
5505
5624
5506
5625
5507
5626
5508
5627
5509
5628
5510
5629
5511
5630
5512
5631
5513
5632
5514
5633
5515
5634
5516
5635
5517
5636
5518
5637
5519
5638
5520
5639
5521
5640
5522
5641
5523
5642
5524
5643
5525
5644
5526
5645
5527
5646
5528
5647
5529
5648
5530
5649
5531
5650
5532
5651
5533
5652
5534
5653
5535
5654
5536
5655
5537
5656
5538
5657
5539
5658
5540
5659
5541
5660
5542
5661
5543
5662
5544
5663
5545
5664
5546
5665
5547
5666
5548
5667
5549
5668
5550
5669
5551
5670
5552
5671
5553
5672
5554
5673
5555
5674
5556
5675
5557
5676
5558
5677
5559
5678
5560
5679
5561
5680
5562
5681
5563
5682
5564
5683
5565
5684
5566
5685
5567
5686
5568
5687
5569
5688
5570
5689
5571
5690
5572
5691
5573
5692
5574
5693
5575
5694
5576
5695
5577
5696
5578
5697
5579
5698
5580
5699
5581
5700
5582
5701
5583
5702
5584
5703
5585
5704
5586
5705
5587
5706
5588
5707
5589
5708
5590
5709
5591
5710
5592
5711
5593
5712
5594
5713
5595
5714
5596
5715
5597
5716
5598
5717
5599
5718
5719
5601
5720
5602
5721
5603
5722
5604
5723
5605
5724
5606
5725
5607
5726
5608
5727
5609
5728
5610
5729
5611
5730
5612
5731
5613
5732
5614
5733
5615
5734
5616
5735
5617
5736
5618
5737
5619
5738
5620
5739
5621
5740
5622
5741
5623
5742
5624
5743
5625
5744
5626
5745
5627
5746
5628
5747
5629
5748
5630
5749
5631
5750
5632
5751
5633
5752
5634
5753
5635
5754
5636
5755
5637
5756
5638
5757
5639
5758
5640
5759
5641
5760
5642
5761
5643
5762
5644
5763
5645
5764
5646
5765
5647
5766
5648
5767
5649
5768
5650
5769
5651
5770
5652
5771
5653
5772
5654
5773
5655
5774
5656
5775
5657
5776
5658
5777
5659
5778
5660
5779
5661
5780
5662
5781
5663
5782
5664
5783
5665
5784
5666
5785
5667
5786
5668
5787
5669
5788
5670
5789
5671
5790
5672
5791
5673
5792
5674
5793
5675
5794
5676
5795
5677
5796
5678
5797
5679
5798
5680
5799
5681
5800
5682
5801
5683
5802
5684
5803
5685
5804
5686
5805
5687
5806
5688
5807
5689
5808
5690
5809
5691
5810
5692
5811
5693
5812
5694
5813
5695
5814
5696
5815
5697
5816
5698
5817
5699
5818
5700
5819
5701
5820
5702
5821
5703
5822
5704
5823
5705
5824
5706
5825
5707
5826
5708
5827
5709
5828
5710
5829
5711
5830
5712
5831
5713
5832
5714
5833
5715
5834
5716
5835
5717
5836
5718
5837
5719
5838
5839
5721
5840
5722
5841
5723
5842
5724
5843
5725
5844
5726
5845
5727
5846
5728
5847
5729
5848
5730
5849
5731
5850
5732
5851
5733
5852
5734
5853
5735
5854
5736
5855
5737
5856
5738
5857
5739
5858
5740
5859
5741
5860
5742
5861
5743
5862
5744
5863
5745
5864
5746
5865
5747
5866
5748
5867
5749
5868
5750
5869
5751
5870
5752
5871
5753
5872
5754
5873
5755
5874
5756
5875
5757
5876
5758
5877
5759
5878
5760
5879
5761
5880
5762
5881
5763
5882
5764
5883
5765
5884
5766
5885
5767
5886
5768
5887
5769
5888
5770
5889
5771
5890
5772
5891
5773
5892
5774
5893
5775
5894
5776
5895
5777
5896
5778
5897
5779
5898
5780
5899
5781
5900
5782
5901
5783
5902
5784
5903
5785
5904
5786
5905
5787
5906
5788
5907
5789
5908
5790
5909
5791
5910
5792
5911
5793
5912
5794
5913
5795
5914
5796
5915
5797
5916
5798
5917
5799
5918
5800
5919
5801
5920
5802
5921
5803
5922
5804
5923
5805
5924
5806
5925
5807
5926
5808
5927
5809
5928
5810
5929
5811
5930
5812
5931
5813
5932
5814
5933
5815
5934
5816
5935
5817
5936
5818
5937
5819
5938
5820
5939
5821
5940
5822
5941
5823
5942
5824
5943
5825
5944
5826
5945
5827
5946
5828
5947
5829
5948
5830
5949
5831
5950
5832
5951
5833
5952
5834
5953
5835
5954
5836
5955
5837
5956
5838
5957
5839
5958
5959
5841
5960
5842
5961
5843
5962
5844
5963
5845
5964
5846
5965
5847
5966
5848
5967
5849
5968
5850
5969
5851
5970
5852
5971
5853
5972
5854
5973
5855
5974
5856
5975
5857
5976
5858
5977
5859
5978
5860
5979
5861
5980
5862
5981
5863
5982
5864
5983
5865
5984
5866
5985
5867
5986
5868
5987
5869
5988
5870
5989
5871
5990
5872
5991
5873
5992
5874
5993
5875
5994
5876
5995
5877
5996
5878
5997
5879
5998
5880
5999
5881
6000
5882
6001
5883
6002
5884
6003
5885
6004
5886
6005
5887
6006
5888
6007
5889
6008
5890
6009
5891
6010
5892
6011
5893
6012
5894
6013
5895
6014
5896
6015
5897
6016
5898
6017
5899
6018
5900
6019
5901
6020
5902
6021
5903
6022
5904
6023
5905
6024
5906
6025
5907
6026
5908
6027
5909
6028
5910
6029
5911
6030
5912
6031
5913
6032
5914
6033
5915
6034
5916
6035
5917
6036
5918
6037
5919
6038
5920
6039
5921
6040
5922
6041
5923
6042
5924
6043
5925
6044
5926
6045
5927
6046
5928
6047
5929
6048
5930
6049
5931
6050
5932
6051
5933
6052
5934
6053
5935
6054
5936
6055
5937
6056
5938
6057
5939
6058
5940
6059
5941
6060
5942
6061
5943
6062
5944
6063
5945
6064
5946
6065
5947
6066
5948
6067
5949
6068
5950
6069
5951
6070
5952
6071
5953
6072
5954
6073
5955
6074
5956
6075
5957
6076
5958
6077
5959
6078
6079
5961
6080
5962
6081
5963
6082
5964
6083
5965
6084
5966
6085
5967
6086
5968
6087
5969
6088
5970
6089
5971
6090
5972
6091
5973
6092
5974
6093
5975
6094
5976
6095
5977
6096
5978
6097
5979
6098
5980
6099
5981
6100
5982
6101
5983
6102
5984
6103
5985
6104
5986
6105
5987
6106
5988
6107
5989
6108
5990
6109
5991
6110
5992
6111
5993
6112
5994
6113
5995
6114
5996
6115
5997
6116
5998
6117
5999
6118
6000
6119
6001
6120
6002
6121
6003
6122
6004
6123
6005
6124
6006
6125
6007
6126
6008
6127
6009
6128
6010
6129
6011
6130
6012
6131
6013
6132
6014
6133
6015
6134
6016
6135
6017
6136
6018
6137
6019
6138
6020
6139
6021
6140
6022
6141
6023
6142
6024
6143
6025
6144
6026
6145
6027
6146
6028
6147
6029
6148
6030
6149
6031
6150
6032
6151
6033
6152
6034
6153
6035
6154
6036
6155
6037
6156
6038
6157
6039
6158
6040
6159
6041
6160
6042
6161
6043
6162
6044
6163
6045
6164
6046
6165
6047
6166
6048
6167
6049
6168
6050
6169
6051
6170
6052
6171
6053
6172
6054
6173
6055
6174
6056
6175
6057
6176
6058
6177
6059
6178
6060
6179
6061
6180
6062
6181
6063
6182
6064
6183
6065
6184
6066
6185
6067
6186
6068
6187
6069
6188
6070
6189
6071
6190
6072
6191
6073
6192
6074
6193
6075
6194
6076
6195
6077
6196
6078
6197
6079
6198
6199
6081
6200
6082
6201
6083
6202
6084
6203
6085
6204
6086
6205
6087
6206
6088
6207
6089
6208
6090
6209
6091
6210
6092
6211
6093
6212
6094
6213
6095
6214
6096
6215
6097
6216
6098
6217
6099
6218
6100
6219
6101
6220
6102
6221
6103
6222
6104
6223
6105
6224
6106
6225
6107
6226
6108
6227
6109
6228
6110
6229
6111
6230
6112
6231
6113
6232
6114
6233
6115
6234
6116
6235
6117
6236
6118
6237
6119
6238
6120
6239
6121
6240
6122
6241
6123
6242
6124
6243
6125
6244
6126
6245
6127
6246
6128
6247
6129
6248
6130
6249
6131
6250
6132
6251
6133
6252
6134
6253
6135
6254
6136
6255
6137
6256
6138
6257
6139
6258
6140
6259
6141
6260
6142
6261
6143
6262
6144
6263
6145
6264
6146
6265
6147
6266
6148
6267
6149
6268
6150
6269
6151
6270
6152
6271
6153
6272
6154
6273
6155
6274
6156
6275
6157
6276
6158
6277
6159
6278
6160
6279
6161
6280
6162
6281
6163
6282
6164
6283
6165
6284
6166
6285
6167
6286
6168
6287
6169
6288
6170
6289
6171
6290
6172
6291
6173
6292
6174
6293
6175
6294
6176
6295
6177
6296
6178
6297
6179
6298
6180
6299
6181
6300
6182
6301
6183
6302
6184
6303
6185
6304
6186
6305
6187
6306
6188
6307
6189
6308
6190
6309
6191
6310
6192
6311
6193
6312
6194
6313
6195
6314
6196
6315
6197
6316
6198
6317
6199
6318
6319
6201
6320
6202
6321
6203
6322
6204
6323
6205
6324
6206
6325
6207
6326
6208
6327
6209
6328
6210
6329
6211
6330
6212
6331
6213
6332
6214
6333
6215
6334
6216
6335
6217
6336
6218
6337
6219
6338
6220
6339
6221
6340
6222
6341
6223
6342
6224
6343
6225
6344
6226
6345
6227
6346
6228
6347
6229
6348
6230
6349
6231
6350
6232
6351
6233
6352
6234
6353
6235
6354
6236
6355
6237
6356
6238
6357
6239
6358
6240
6359
6241
6360
6242
6361
6243
6362
6244
6363
6245
6364
6246
6365
6247
6366
6248
6367
6249
6368
6250
6369
6251
6370
6252
6371
6253
6372
6254
6373
6255
6374
6256
6375
6257
6376
6258
6377
6259
6378
6260
6379
6261
6380
6262
6381
6263
6382
6264
6383
6265
6384
6266
6385
6267
6386
6268
6387
6269
6388
6270
6389
6271
6390
6272
6391
6273
6392
6274
6393
6275
6394
6276
6395
6277
6396
6278
6397
6279
6398
6280
6399
6281
6400
6282
6401
6283
6402
6284
6403
6285
6404
6286
6405
6287
6406
6288
6407
6289
6408
6290
6409
6291
6410
6292
6411
6293
6412
6294
6413
6295
6414
6296
6415
6297
6416
6298
6417
6299
6418
6300
6419
6301
6420
6302
6421
6303
6422
6304
6423
6305
6424
6306
6425
6307
6426
6308
6427
6309
6428
6310
6429
6311
6430
6312
6431
6313
6432
6314
6433
6315
6434
6316
6435
6317
6436
6318
6437
6319
6438
6439
6321
6440
6322
6441
6323
6442
6324
6443
6325
6444
6326
6445
6327
6446
6328
6447
6329
6448
6330
6449
6331
6450
6332
6451
6333
6452
6334
6453
6335
6454
6336
6455
6337
6456
6338
6457
6339
6458
6340
6459
6341
6460
6342
6461
6343
6462
6344
6463
6345
6464
6346
6465
6347
6466
6348
6467
6349
6468
6350
6469
6351
6470
6352
6471
6353
6472
6354
6473
6355
6474
6356
6475
6357
6476
6358
6477
6359
6478
6360
6479
6361
6480
6362
6481
6363
6482
6364
6483
6365
6484
6366
6485
6367
6486
6368
6487
6369
6488
6370
6489
6371
6490
6372
6491
6373
6492
6374
6493
6375
6494
6376
6495
6377
6496
6378
6497
6379
6498
6380
6499
6381
6500
6382
6501
6383
6502
6384
6503
6385
6504
6386
6505
6387
6506
6388
6507
6389
6508
6390
6509
6391
6510
6392
6511
6393
6512
6394
6513
6395
6514
6396
6515
6397
6516
6398
6517
6399
6518
6400
6519
6401
6520
6402
6521
6403
6522
6404
6523
6405
6524
6406
6525
6407
6526
6408
6527
6409
6528
6410
6529
6411
6530
6412
6531
6413
6532
6414
6533
6415
6534
6416
6535
6417
6536
6418
6537
6419
6538
6420
6539
6421
6540
6422
6541
6423
6542
6424
6543
6425
6544
6426
6545
6427
6546
6428
6547
6429
6548
6430
6549
6431
6550
6432
6551
6433
6552
6434
6553
6435
6554
6436
6555
6437
6556
6438
6557
6439
6558
6559
6441
6560
6442
6561
6443
6562
6444
6563
6445
6564
6446
6565
6447
6566
6448
6567
6449
6568
6450
6569
6451
6570
6452
6571
6453
6572
6454
6573
6455
6574
6456
6575
6457
6576
6458
6577
6459
6578
6460
6579
6461
6580
6462
6581
6463
6582
6464
6583
6465
6584
6466
6585
6467
6586
6468
6587
6469
6588
6470
6589
6471
6590
6472
6591
6473
6592
6474
6593
6475
6594
6476
6595
6477
6596
6478
6597
6479
6598
6480
6599
6481
6600
6482
6601
6483
6602
6484
6603
6485
6604
6486
6605
6487
6606
6488
6607
6489
6608
6490
6609
6491
6610
6492
6611
6493
6612
6494
6613
6495
6614
6496
6615
6497
6616
6498
6617
6499
6618
6500
6619
6501
6620
6502
6621
6503
6622
6504
6623
6505
6624
6506
6625
6507
6626
6508
6627
6509
6628
6510
6629
6511
6630
6512
6631
6513
6632
6514
6633
6515
6634
6516
6635
6517
6636
6518
6637
6519
6638
6520
6639
6521
6640
6522
6641
6523
6642
6524
6643
6525
6644
6526
6645
6527
6646
6528
6647
6529
6648
6530
6649
6531
6650
6532
6651
6533
6652
6534
6653
6535
6654
6536
6655
6537
6656
6538
6657
6539
6658
6540
6659
6541
6660
6542
6661
6543
6662
6544
6663
6545
6664
6546
6665
6547
6666
6548
6667
6549
6668
6550
6669
6551
6670
6552
6671
6553
6672
6554
6673
6555
6674
6556
6675
6557
6676
6558
6677
6559
6678
6679
6561
6680
6562
6681
6563
6682
6564
6683
6565
6684
6566
6685
6567
6686
6568
6687
6569
6688
6570
6689
6571
6690
6572
6691
6573
6692
6574
6693
6575
6694
6576
6695
6577
6696
6578
6697
6579
6698
6580
6699
6581
6700
6582
6701
6583
6702
6584
6703
6585
6704
6586
6705
6587
6706
6588
6707
6589
6708
6590
6709
6591
6710
6592
6711
6593
6712
6594
6713
6595
6714
6596
6715
6597
6716
6598
6717
6599
6718
6600
6719
6601
6720
6602
6721
6603
6722
6604
6723
6605
6724
6606
6725
6607
6726
6608
6727
6609
6728
6610
6729
6611
6730
6612
6731
6613
6732
6614
6733
6615
6734
6616
6735
6617
6736
6618
6737
6619
6738
6620
6739
6621
6740
6622
6741
6623
6742
6624
6743
6625
6744
6626
6745
6627
6746
6628
6747
6629
6748
6630
6749
6631
6750
6632
6751
6633
6752
6634
6753
6635
6754
6636
6755
6637
6756
6638
6757
6639
6758
6640
6759
6641
6760
6642
6761
6643
6762
6644
6763
6645
6764
6646
6765
6647
6766
6648
6767
6649
6768
6650
6769
6651
6770
6652
6771
6653
6772
6654
6773
6655
6774
6656
6775
6657
6776
6658
6777
6659
6778
6660
6779
6661
6780
6662
6781
6663
6782
6664
6783
6665
6784
6666
6785
6667
6786
6668
6787
6669
6788
6670
6789
6671
6790
6672
6791
6673
6792
6674
6793
6675
6794
6676
6795
6677
6796
6678
6797
6679
6798
6799
6681
6800
6682
6801
6683
6802
6684
6803
6685
6804
6686
6805
6687
6806
6688
6807
6689
6808
6690
6809
6691
6810
6692
6811
6693
6812
6694
6813
6695
6814
6696
6815
6697
6816
6698
6817
6699
6818
6700
6819
6701
6820
6702
6821
6703
6822
6704
6823
6705
6824
6706
6825
6707
6826
6708
6827
6709
6828
6710
6829
6711
6830
6712
6831
6713
6832
6714
6833
6715
6834
6716
6835
6717
6836
6718
6837
6719
6838
6720
6839
6721
6840
6722
6841
6723
6842
6724
6843
6725
6844
6726
6845
6727
6846
6728
6847
6729
6848
6730
6849
6731
6850
6732
6851
6733
6852
6734
6853
6735
6854
6736
6855
6737
6856
6738
6857
6739
6858
6740
6859
6741
6860
6742
6861
6743
6862
6744
6863
6745
6864
6746
6865
6747
6866
6748
6867
6749
6868
6750
6869
6751
6870
6752
6871
6753
6872
6754
6873
6755
6874
6756
6875
6757
6876
6758
6877
6759
6878
6760
6879
6761
6880
6762
6881
6763
6882
6764
6883
6765
6884
6766
6885
6767
6886
6768
6887
6769
6888
6770
6889
6771
6890
6772
6891
6773
6892
6774
6893
6775
6894
6776
6895
6777
6896
6778
6897
6779
6898
6780
6899
6781
6900
6782
6901
6783
6902
6784
6903
6785
6904
6786
6905
6787
6906
6788
6907
6789
6908
6790
6909
6791
6910
6792
6911
6793
6912
6794
6913
6795
6914
6796
6915
6797
6916
6798
6917
6799
6918
6919
6801
6920
6802
6921
6803
6922
6804
6923
6805
6924
6806
6925
6807
6926
6808
6927
6809
6928
6810
6929
6811
6930
6812
6931
6813
6932
6814
6933
6815
6934
6816
6935
6817
6936
6818
6937
6819
6938
6820
6939
6821
6940
6822
6941
6823
6942
6824
6943
6825
6944
6826
6945
6827
6946
6828
6947
6829
6948
6830
6949
6831
6950
6832
6951
6833
6952
6834
6953
6835
6954
6836
6955
6837
6956
6838
6957
6839
6958
6840
6959
6841
6960
6842
6961
6843
6962
6844
6963
6845
6964
6846
6965
6847
6966
6848
6967
6849
6968
6850
6969
6851
6970
6852
6971
6853
6972
6854
6973
6855
6974
6856
6975
6857
6976
6858
6977
6859
6978
6860
6979
6861
6980
6862
6981
6863
6982
6864
6983
6865
6984
6866
6985
6867
6986
6868
6987
6869
6988
6870
6989
6871
6990
6872
6991
6873
6992
6874
6993
6875
6994
6876
6995
6877
6996
6878
6997
6879
6998
6880
6999
6881
7000
6882
7001
6883
7002
6884
7003
6885
7004
6886
7005
6887
7006
6888
7007
6889
7008
6890
7009
6891
7010
6892
7011
6893
7012
6894
7013
6895
7014
6896
7015
6897
7016
6898
7017
6899
7018
6900
7019
6901
7020
6902
7021
6903
7022
6904
7023
6905
7024
6906
7025
6907
7026
6908
7027
6909
7028
6910
7029
6911
7030
6912
7031
6913
7032
6914
7033
6915
7034
6916
7035
6917
7036
6918
7037
6919
7038
7039
6921
7040
6922
7041
6923
7042
6924
7043
6925
7044
6926
7045
6927
7046
6928
7047
6929
7048
6930
7049
6931
7050
6932
7051
6933
7052
6934
7053
6935
7054
6936
7055
6937
7056
6938
7057
6939
7058
6940
7059
6941
7060
6942
7061
6943
7062
6944
7063
6945
7064
6946
7065
6947
7066
6948
7067
6949
7068
6950
7069
6951
7070
6952
7071
6953
7072
6954
7073
6955
7074
6956
7075
6957
7076
6958
7077
6959
7078
6960
7079
6961
7080
6962
7081
6963
7082
6964
7083
6965
7084
6966
7085
6967
7086
6968
7087
6969
7088
6970
7089
6971
7090
6972
7091
6973
7092
6974
7093
6975
7094
6976
7095
6977
7096
6978
7097
6979
7098
6980
7099
6981
7100
6982
7101
6983
7102
6984
7103
6985
7104
6986
7105
6987
7106
6988
7107
6989
7108
6990
7109
6991
7110
6992
7111
6993
7112
6994
7113
6995
7114
6996
7115
6997
7116
6998
7117
6999
7118
7000
7119
7001
7120
7002
7121
7003
7122
7004
7123
7005
7124
7006
7125
7007
7126
7008
7127
7009
7128
7010
7129
7011
7130
7012
7131
7013
7132
7014
7133
7015
7134
7016
7135
7017
7136
7018
7137
7019
7138
7020
7139
7021
7140
7022
7141
7023
7142
7024
7143
7025
7144
7026
7145
7027
7146
7028
7147
7029
7148
7030
7149
7031
7150
7032
7151
7033
7152
7034
7153
7035
7154
7036
7155
7037
7156
7038
7157
7039
7158
7159
7041
7160
7042
7161
7043
7162
7044
7163
7045
7164
7046
7165
7047
7166
7048
7167
7049
7168
7050
7169
7051
7170
7052
7171
7053
7172
7054
7173
7055
7174
7056
7175
7057
7176
7058
7177
7059
7178
7060
7179
7061
7180
7062
7181
7063
7182
7064
7183
7065
7184
7066
7185
7067
7186
7068
7187
7069
7188
7070
7189
7071
7190
7072
7191
7073
7192
7074
7193
7075
7194
7076
7195
7077
7196
7078
7197
7079
7198
7080
7199
7081
7200
7082
7201
7083
7202
7084
7203
7085
7204
7086
7205
7087
7206
7088
7207
7089
7208
7090
7209
7091
7210
7092
7211
7093
7212
7094
7213
7095
7214
7096
7215
7097
7216
7098
7217
7099
7218
7100
7219
7101
7220
7102
7221
7103
7222
7104
7223
7105
7224
7106
7225
7107
7226
7108
7227
7109
7228
7110
7229
7111
7230
7112
7231
7113
7232
7114
7233
7115
7234
7116
7235
7117
7236
7118
7237
7119
7238
7120
7239
7121
7240
7122
7241
7123
7242
7124
7243
7125
7244
7126
7245
7127
7246
7128
7247
7129
7248
7130
7249
7131
7250
7132
7251
7133
7252
7134
7253
7135
7254
7136
7255
7137
7256
7138
7257
7139
7258
7140
7259
7141
7260
7142
7261
7143
7262
7144
7263
7145
7264
7146
7265
7147
7266
7148
7267
7149
7268
7150
7269
7151
7270
7152
7271
7153
7272
7154
7273
7155
7274
7156
7275
7157
7276
7158
7277
7159
7278
7279
7161
7280
7162
7281
7163
7282
7164
7283
7165
7284
7166
7285
7167
7286
7168
7287
7169
7288
7170
7289
7171
7290
7172
7291
7173
7292
7174
7293
7175
7294
7176
7295
7177
7296
7178
7297
7179
7298
7180
7299
7181
7300
7182
7301
7183
7302
7184
7303
7185
7304
7186
7305
7187
7306
7188
7307
7189
7308
7190
7309
7191
7310
7192
7311
7193
7312
7194
7313
7195
7314
7196
7315
7197
7316
7198
7317
7199
7318
7200
7319
7201
7320
7202
7321
7203
7322
7204
7323
7205
7324
7206
7325
7207
7326
7208
7327
7209
7328
7210
7329
7211
7330
7212
7331
7213
7332
7214
7333
7215
7334
7216
7335
7217
7336
7218
7337
7219
7338
7220
7339
7221
7340
7222
7341
7223
7342
7224
7343
7225
7344
7226
7345
7227
7346
7228
7347
7229
7348
7230
7349
7231
7350
7232
7351
7233
7352
7234
7353
7235
7354
7236
7355
7237
7356
7238
7357
7239
7358
7240
7359
7241
7360
7242
7361
7243
7362
7244
7363
7245
7364
7246
7365
7247
7366
7248
7367
7249
7368
7250
7369
7251
7370
7252
7371
7253
7372
7254
7373
7255
7374
7256
7375
7257
7376
7258
7377
7259
7378
7260
7379
7261
7380
7262
7381
7263
7382
7264
7383
7265
7384
7266
7385
7267
7386
7268
7387
7269
7388
7270
7389
7271
7390
7272
7391
7273
7392
7274
7393
7275
7394
7276
7395
7277
7396
7278
7397
7279
7398
7399
7281
7400
7282
7401
7283
7402
7284
7403
7285
7404
7286
7405
7287
7406
7288
7407
7289
7408
7290
7409
7291
7410
7292
7411
7293
7412
7294
7413
7295
7414
7296
7415
7297
7416
7298
7417
7299
7418
7300
7419
7301
7420
7302
7421
7303
7422
7304
7423
7305
7424
7306
7425
7307
7426
7308
7427
7309
7428
7310
7429
7311
7430
7312
7431
7313
7432
7314
7433
7315
7434
7316
7435
7317
7436
7318
7437
7319
7438
7320
7439
7321
7440
7322
7441
7323
7442
7324
7443
7325
7444
7326
7445
7327
7446
7328
7447
7329
7448
7330
7449
7331
7450
7332
7451
7333
7452
7334
7453
7335
7454
7336
7455
7337
7456
7338
7457
7339
7458
7340
7459
7341
7460
7342
7461
7343
7462
7344
7463
7345
7464
7346
7465
7347
7466
7348
7467
7349
7468
7350
7469
7351
7470
7352
7471
7353
7472
7354
7473
7355
7474
7356
7475
7357
7476
7358
7477
7359
7478
7360
7479
7361
7480
7362
7481
7363
7482
7364
7483
7365
7484
7366
7485
7367
7486
7368
7487
7369
7488
7370
7489
7371
7490
7372
7491
7373
7492
7374
7493
7375
7494
7376
7495
7377
7496
7378
7497
7379
7498
7380
7499
7381
7500
7382
7501
7383
7502
7384
7503
7385
7504
7386
7505
7387
7506
7388
7507
7389
7508
7390
7509
7391
7510
7392
7511
7393
7512
7394
7513
7395
7514
7396
7515
7397
7516
7398
7517
7399
7518
7519
7401
7520
7402
7521
7403
7522
7404
7523
7405
7524
7406
7525
7407
7526
7408
7527
7409
7528
7410
7529
7411
7530
7412
7531
7413
7532
7414
7533
7415
7534
7416
7535
7417
7536
7418
7537
7419
7538
7420
7539
7421
7540
7422
7541
7423
7542
7424
7543
7425
7544
7426
7545
7427
7546
7428
7547
7429
7548
7430
7549
7431
7550
7432
7551
7433
7552
7434
7553
7435
7554
7436
7555
7437
7556
7438
7557
7439
7558
7440
7559
7441
7560
7442
7561
7443
7562
7444
7563
7445
7564
7446
7565
7447
7566
7448
7567
7449
7568
7450
7569
7451
7570
7452
7571
7453
7572
7454
7573
7455
7574
7456
7575
7457
7576
7458
7577
7459
7578
7460
7579
7461
7580
7462
7581
7463
7582
7464
7583
7465
7584
7466
7585
7467
7586
7468
7587
7469
7588
7470
7589
7471
7590
7472
7591
7473
7592
7474
7593
7475
7594
7476
7595
7477
7596
7478
7597
7479
7598
7480
7599
7481
7600
7482
7601
7483
7602
7484
7603
7485
7604
7486
7605
7487
7606
7488
7607
7489
7608
7490
7609
7491
7610
7492
7611
7493
7612
7494
7613
7495
7614
7496
7615
7497
7616
7498
7617
7499
7618
7500
7619
7501
7620
7502
7621
7503
7622
7504
7623
7505
7624
7506
7625
7507
7626
7508
7627
7509
7628
7510
7629
7511
7630
7512
7631
7513
7632
7514
7633
7515
7634
7516
7635
7517
7636
7518
7637
7519
7638
7639
7521
7640
7522
7641
7523
7642
7524
7643
7525
7644
7526
7645
7527
7646
7528
7647
7529
7648
7530
7649
7531
7650
7532
7651
7533
7652
7534
7653
7535
7654
7536
7655
7537
7656
7538
7657
7539
7658
7540
7659
7541
7660
7542
7661
7543
7662
7544
7663
7545
7664
7546
7665
7547
7666
7548
7667
7549
7668
7550
7669
7551
7670
7552
7671
7553
7672
7554
7673
7555
7674
7556
7675
7557
7676
7558
7677
7559
7678
7560
7679
7561
7680
7562
7681
7563
7682
7564
7683
7565
7684
7566
7685
7567
7686
7568
7687
7569
7688
7570
7689
7571
7690
7572
7691
7573
7692
7574
7693
7575
7694
7576
7695
7577
7696
7578
7697
7579
7698
7580
7699
7581
7700
7582
7701
7583
7702
7584
7703
7585
7704
7586
7705
7587
7706
7588
7707
7589
7708
7590
7709
7591
7710
7592
7711
7593
7712
7594
7713
7595
7714
7596
7715
7597
7716
7598
7717
7599
7718
7600
7719
7601
7720
7602
7721
7603
7722
7604
7723
7605
7724
7606
7725
7607
7726
7608
7727
7609
7728
7610
7729
7611
7730
7612
7731
7613
7732
7614
7733
7615
7734
7616
7735
7617
7736
7618
7737
7619
7738
7620
7739
7621
7740
7622
7741
7623
7742
7624
7743
7625
7744
7626
7745
7627
7746
7628
7747
7629
7748
7630
7749
7631
7750
7632
7751
7633
7752
7634
7753
7635
7754
7636
7755
7637
7756
7638
7757
7639
7758
7759
7641
7760
7642
7761
7643
7762
7644
7763
7645
7764
7646
7765
7647
7766
7648
7767
7649
7768
7650
7769
7651
7770
7652
7771
7653
7772
7654
7773
7655
7774
7656
7775
7657
7776
7658
7777
7659
7778
7660
7779
7661
7780
7662
7781
7663
7782
7664
7783
7665
7784
7666
7785
7667
7786
7668
7787
7669
7788
7670
7789
7671
7790
7672
7791
7673
7792
7674
7793
7675
7794
7676
7795
7677
7796
7678
7797
7679
7798
7680
7799
7681
7800
7682
7801
7683
7802
7684
7803
7685
7804
7686
7805
7687
7806
7688
7807
7689
7808
7690
7809
7691
7810
7692
7811
7693
7812
7694
7813
7695
7814
7696
7815
7697
7816
7698
7817
7699
7818
7700
7819
7701
7820
7702
7821
7703
7822
7704
7823
7705
7824
7706
7825
7707
7826
7708
7827
7709
7828
7710
7829
7711
7830
7712
7831
7713
7832
7714
7833
7715
7834
7716
7835
7717
7836
7718
7837
7719
7838
7720
7839
7721
7840
7722
7841
7723
7842
7724
7843
7725
7844
7726
7845
7727
7846
7728
7847
7729
7848
7730
7849
7731
7850
7732
7851
7733
7852
7734
7853
7735
7854
7736
7855
7737
7856
7738
7857
7739
7858
7740
7859
7741
7860
7742
7861
7743
7862
7744
7863
7745
7864
7746
7865
7747
7866
7748
7867
7749
7868
7750
7869
7751
7870
7752
7871
7753
7872
7754
7873
7755
7874
7756
7875
7757
7876
7758
7877
7759
7878
7879
7761
7880
7762
7881
7763
7882
7764
7883
7765
7884
7766
7885
7767
7886
7768
7887
7769
7888
7770
7889
7771
7890
7772
7891
7773
7892
7774
7893
7775
7894
7776
7895
7777
7896
7778
7897
7779
7898
7780
7899
7781
7900
7782
7901
7783
7902
7784
7903
7785
7904
7786
7905
7787
7906
7788
7907
7789
7908
7790
7909
7791
7910
7792
7911
7793
7912
7794
7913
7795
7914
7796
7915
7797
7916
7798
7917
7799
7918
7800
7919
7801
7920
7802
7921
7803
7922
7804
7923
7805
7924
7806
7925
7807
7926
7808
7927
7809
7928
7810
7929
7811
7930
7812
7931
7813
7932
7814
7933
7815
7934
7816
7935
7817
7936
7818
7937
7819
7938
7820
7939
7821
7940
7822
7941
7823
7942
7824
7943
7825
7944
7826
7945
7827
7946
7828
7947
7829
7948
7830
7949
7831
7950
7832
7951
7833
7952
7834
7953
7835
7954
7836
7955
7837
7956
7838
7957
7839
7958
7840
7959
7841
7960
7842
7961
7843
7962
7844
7963
7845
7964
7846
7965
7847
7966
7848
7967
7849
7968
7850
7969
7851
7970
7852
7971
7853
7972
7854
7973
7855
7974
7856
7975
7857
7976
7858
7977
7859
7978
7860
7979
7861
7980
7862
7981
7863
7982
7864
7983
7865
7984
7866
7985
7867
7986
7868
7987
7869
7988
7870
7989
7871
7990
7872
7991
7873
7992
7874
7993
7875
7994
7876
7995
7877
7996
7878
7997
7879
7998
7999
7881
8000
7882
8001
7883
8002
7884
8003
7885
8004
7886
8005
7887
8006
7888
8007
7889
8008
7890
8009
7891
8010
7892
8011
7893
8012
7894
8013
7895
8014
7896
8015
7897
8016
7898
8017
7899
8018
7900
8019
7901
8020
7902
8021
7903
8022
7904
8023
7905
8024
7906
8025
7907
8026
7908
8027
7909
8028
7910
8029
7911
8030
7912
8031
7913
8032
7914
8033
7915
8034
7916
8035
7917
8036
7918
8037
7919
8038
7920
8039
7921
8040
7922
8041
7923
8042
7924
8043
7925
8044
7926
8045
7927
8046
7928
8047
7929
8048
7930
8049
7931
8050
7932
8051
7933
8052
7934
8053
7935
8054
7936
8055
7937
8056
7938
8057
7939
8058
7940
8059
7941
8060
7942
8061
7943
8062
7944
8063
7945
8064
7946
8065
7947
8066
7948
8067
7949
8068
7950
8069
7951
8070
7952
8071
7953
8072
7954
8073
7955
8074
7956
8075
7957
8076
7958
8077
7959
8078
7960
8079
7961
8080
7962
8081
7963
8082
7964
8083
7965
8084
7966
8085
7967
8086
7968
8087
7969
8088
7970
8089
7971
8090
7972
8091
7973
8092
7974
8093
7975
8094
7976
8095
7977
8096
7978
8097
7979
8098
7980
8099
7981
8100
7982
8101
7983
8102
7984
8103
7985
8104
7986
8105
7987
8106
7988
8107
7989
8108
7990
8109
7991
8110
7992
8111
7993
8112
7994
8113
7995
8114
7996
8115
7997
8116
7998
8117
7999
8118
8119
8001
8120
8002
8121
8003
8122
8004
8123
8005
8124
8006
8125
8007
8126
8008
8127
8009
8128
8010
8129
8011
8130
8012
8131
8013
8132
8014
8133
8015
8134
8016
8135
8017
8136
8018
8137
8019
8138
8020
8139
8021
8140
8022
8141
8023
8142
8024
8143
8025
8144
8026
8145
8027
8146
8028
8147
8029
8148
8030
8149
8031
8150
8032
8151
8033
8152
8034
8153
8035
8154
8036
8155
8037
8156
8038
8157
8039
8158
8040
8159
8041
8160
8042
8161
8043
8162
8044
8163
8045
8164
8046
8165
8047
8166
8048
8167
8049
8168
8050
8169
8051
8170
8052
8171
8053
8172
8054
8173
8055
8174
8056
8175
8057
8176
8058
8177
8059
8178
8060
8179
8061
8180
8062
8181
8063
8182
8064
8183
8065
8184
8066
8185
8067
8186
8068
8187
8069
8188
8070
8189
8071
8190
8072
8191
8073
8192
8074
8193
8075
8194
8076
8195
8077
8196
8078
8197
8079
8198
8080
8199
8081
8200
8082
8201
8083
8202
8084
8203
8085
8204
8086
8205
8087
8206
8088
8207
8089
8208
8090
8209
8091
8210
8092
8211
8093
8212
8094
8213
8095
8214
8096
8215
8097
8216
8098
8217
8099
8218
8100
8219
8101
8220
8102
8221
8103
8222
8104
8223
8105
8224
8106
8225
8107
8226
8108
8227
8109
8228
8110
8229
8111
8230
8112
8231
8113
8232
8114
8233
8115
8234
8116
8235
8117
8236
8118
8237
8119
8238
8239
8121
8240
8122
8241
8123
8242
8124
8243
8125
8244
8126
8245
8127
8246
8128
8247
8129
8248
8130
8249
8131
8250
8132
8251
8133
8252
8134
8253
8135
8254
8136
8255
8137
8256
8138
8257
8139
8258
8140
8259
8141
8260
8142
8261
8143
8262
8144
8263
8145
8264
8146
8265
8147
8266
8148
8267
8149
8268
8150
8269
8151
8270
8152
8271
8153
8272
8154
8273
8155
8274
8156
8275
8157
8276
8158
8277
8159
8278
8160
8279
8161
8280
8162
8281
8163
8282
8164
8283
8165
8284
8166
8285
8167
8286
8168
8287
8169
8288
8170
8289
8171
8290
8172
8291
8173
8292
8174
8293
8175
8294
8176
8295
8177
8296
8178
8297
8179
8298
8180
8299
8181
8300
8182
8301
8183
8302
8184
8303
8185
8304
8186
8305
8187
8306
8188
8307
8189
8308
8190
8309
8191
8310
8192
8311
8193
8312
8194
8313
8195
8314
8196
8315
8197
8316
8198
8317
8199
8318
8200
8319
8201
8320
8202
8321
8203
8322
8204
8323
8205
8324
8206
8325
8207
8326
8208
8327
8209
8328
8210
8329
8211
8330
8212
8331
8213
8332
8214
8333
8215
8334
8216
8335
8217
8336
8218
8337
8219
8338
8220
8339
8221
8340
8222
8341
8223
8342
8224
8343
8225
8344
8226
8345
8227
8346
8228
8347
8229
8348
8230
8349
8231
8350
8232
8351
8233
8352
8234
8353
8235
8354
8236
8355
8237
8356
8238
8357
8239
8358
8359
8241
8360
8242
8361
8243
8362
8244
8363
8245
8364
8246
8365
8247
8366
8248
8367
8249
8368
8250
8369
8251
8370
8252
8371
8253
8372
8254
8373
8255
8374
8256
8375
8257
8376
8258
8377
8259
8378
8260
8379
8261
8380
8262
8381
8263
8382
8264
8383
8265
8384
8266
8385
8267
8386
8268
8387
8269
8388
8270
8389
8271
8390
8272
8391
8273
8392
8274
8393
8275
8394
8276
8395
8277
8396
8278
8397
8279
8398
8280
8399
8281
8400
8282
8401
8283
8402
8284
8403
8285
8404
8286
8405
8287
8406
8288
8407
8289
8408
8290
8409
8291
8410
8292
8411
8293
8412
8294
8413
8295
8414
8296
8415
8297
8416
8298
8417
8299
8418
8300
8419
8301
8420
8302
8421
8303
8422
8304
8423
8305
8424
8306
8425
8307
8426
8308
8427
8309
8428
8310
8429
8311
8430
8312
8431
8313
8432
8314
8433
8315
8434
8316
8435
8317
8436
8318
8437
8319
8438
8320
8439
8321
8440
8322
8441
8323
8442
8324
8443
8325
8444
8326
8445
8327
8446
8328
8447
8329
8448
8330
8449
8331
8450
8332
8451
8333
8452
8334
8453
8335
8454
8336
8455
8337
8456
8338
8457
8339
8458
8340
8459
8341
8460
8342
8461
8343
8462
8344
8463
8345
8464
8346
8465
8347
8466
8348
8467
8349
8468
8350
8469
8351
8470
8352
8471
8353
8472
8354
8473
8355
8474
8356
8475
8357
8476
8358
8477
8359
8478
8479
8361
8480
8362
8481
8363
8482
8364
8483
8365
8484
8366
8485
8367
8486
8368
8487
8369
8488
8370
8489
8371
8490
8372
8491
8373
8492
8374
8493
8375
8494
8376
8495
8377
8496
8378
8497
8379
8498
8380
8499
8381
8500
8382
8501
8383
8502
8384
8503
8385
8504
8386
8505
8387
8506
8388
8507
8389
8508
8390
8509
8391
8510
8392
8511
8393
8512
8394
8513
8395
8514
8396
8515
8397
8516
8398
8517
8399
8518
8400
8519
8401
8520
8402
8521
8403
8522
8404
8523
8405
8524
8406
8525
8407
8526
8408
8527
8409
8528
8410
8529
8411
8530
8412
8531
8413
8532
8414
8533
8415
8534
8416
8535
8417
8536
8418
8537
8419
8538
8420
8539
8421
8540
8422
8541
8423
8542
8424
8543
8425
8544
8426
8545
8427
8546
8428
8547
8429
8548
8430
8549
8431
8550
8432
8551
8433
8552
8434
8553
8435
8554
8436
8555
8437
8556
8438
8557
8439
8558
8440
8559
8441
8560
8442
8561
8443
8562
8444
8563
8445
8564
8446
8565
8447
8566
8448
8567
8449
8568
8450
8569
8451
8570
8452
8571
8453
8572
8454
8573
8455
8574
8456
8575
8457
8576
8458
8577
8459
8578
8460
8579
8461
8580
8462
8581
8463
8582
8464
8583
8465
8584
8466
8585
8467
8586
8468
8587
8469
8588
8470
8589
8471
8590
8472
8591
8473
8592
8474
8593
8475
8594
8476
8595
8477
8596
8478
8597
8479
8598
8599
8481
8600
8482
8601
8483
8602
8484
8603
8485
8604
8486
8605
8487
8606
8488
8607
8489
8608
8490
8609
8491
8610
8492
8611
8493
8612
8494
8613
8495
8614
8496
8615
8497
8616
8498
8617
8499
8618
8500
8619
8501
8620
8502
8621
8503
8622
8504
8623
8505
8624
8506
8625
8507
8626
8508
8627
8509
8628
8510
8629
8511
8630
8512
8631
8513
8632
8514
8633
8515
8634
8516
8635
8517
8636
8518
8637
8519
8638
8520
8639
8521
8640
8522
8641
8523
8642
8524
8643
8525
8644
8526
8645
8527
8646
8528
8647
8529
8648
8530
8649
8531
8650
8532
8651
8533
8652
8534
8653
8535
8654
8536
8655
8537
8656
8538
8657
8539
8658
8540
8659
8541
8660
8542
8661
8543
8662
8544
8663
8545
8664
8546
8665
8547
8666
8548
8667
8549
8668
8550
8669
8551
8670
8552
8671
8553
8672
8554
8673
8555
8674
8556
8675
8557
8676
8558
8677
8559
8678
8560
8679
8561
8680
8562
8681
8563
8682
8564
8683
8565
8684
8566
8685
8567
8686
8568
8687
8569
8688
8570
8689
8571
8690
8572
8691
8573
8692
8574
8693
8575
8694
8576
8695
8577
8696
8578
8697
8579
8698
8580
8699
8581
8700
8582
8701
8583
8702
8584
8703
8585
8704
8586
8705
8587
8706
8588
8707
8589
8708
8590
8709
8591
8710
8592
8711
8593
8712
8594
8713
8595
8714
8596
8715
8597
8716
8598
8717
8599
8718
8719
8601
8720
8602
8721
8603
8722
8604
8723
8605
8724
8606
8725
8607
8726
8608
8727
8609
8728
8610
8729
8611
8730
8612
8731
8613
8732
8614
8733
8615
8734
8616
8735
8617
8736
8618
8737
8619
8738
8620
8739
8621
8740
8622
8741
8623
8742
8624
8743
8625
8744
8626
8745
8627
8746
8628
8747
8629
8748
8630
8749
8631
8750
8632
8751
8633
8752
8634
8753
8635
8754
8636
8755
8637
8756
8638
8757
8639
8758
8640
8759
8641
8760
8642
8761
8643
8762
8644
8763
8645
8764
8646
8765
8647
8766
8648
8767
8649
8768
8650
8769
8651
8770
8652
8771
8653
8772
8654
8773
8655
8774
8656
8775
8657
8776
8658
8777
8659
8778
8660
8779
8661
8780
8662
8781
8663
8782
8664
8783
8665
8784
8666
8785
8667
8786
8668
8787
8669
8788
8670
8789
8671
8790
8672
8791
8673
8792
8674
8793
8675
8794
8676
8795
8677
8796
8678
8797
8679
8798
8680
8799
8681
8800
8682
8801
8683
8802
8684
8803
8685
8804
8686
8805
8687
8806
8688
8807
8689
8808
8690
8809
8691
8810
8692
8811
8693
8812
8694
8813
8695
8814
8696
8815
8697
8816
8698
8817
8699
8818
8700
8819
8701
8820
8702
8821
8703
8822
8704
8823
8705
8824
8706
8825
8707
8826
8708
8827
8709
8828
8710
8829
8711
8830
8712
8831
8713
8832
8714
8833
8715
8834
8716
8835
8717
8836
8718
8837
8719
8838
8839
8721
8840
8722
8841
8723
8842
8724
8843
8725
8844
8726
8845
8727
8846
8728
8847
8729
8848
8730
8849
8731
8850
8732
8851
8733
8852
8734
8853
8735
8854
8736
8855
8737
8856
8738
8857
8739
8858
8740
8859
8741
8860
8742
8861
8743
8862
8744
8863
8745
8864
8746
8865
8747
8866
8748
8867
8749
8868
8750
8869
8751
8870
8752
8871
8753
8872
8754
8873
8755
8874
8756
8875
8757
8876
8758
8877
8759
8878
8760
8879
8761
8880
8762
8881
8763
8882
8764
8883
8765
8884
8766
8885
8767
8886
8768
8887
8769
8888
8770
8889
8771
8890
8772
8891
8773
8892
8774
8893
8775
8894
8776
8895
8777
8896
8778
8897
8779
8898
8780
8899
8781
8900
8782
8901
8783
8902
8784
8903
8785
8904
8786
8905
8787
8906
8788
8907
8789
8908
8790
8909
8791
8910
8792
8911
8793
8912
8794
8913
8795
8914
8796
8915
8797
8916
8798
8917
8799
8918
8800
8919
8801
8920
8802
8921
8803
8922
8804
8923
8805
8924
8806
8925
8807
8926
8808
8927
8809
8928
8810
8929
8811
8930
8812
8931
8813
8932
8814
8933
8815
8934
8816
8935
8817
8936
8818
8937
8819
8938
8820
8939
8821
8940
8822
8941
8823
8942
8824
8943
8825
8944
8826
8945
8827
8946
8828
8947
8829
8948
8830
8949
8831
8950
8832
8951
8833
8952
8834
8953
8835
8954
8836
8955
8837
8956
8838
8957
8839
8958
8959
8841
8960
8842
8961
8843
8962
8844
8963
8845
8964
8846
8965
8847
8966
8848
8967
8849
8968
8850
8969
8851
8970
8852
8971
8853
8972
8854
8973
8855
8974
8856
8975
8857
8976
8858
8977
8859
8978
8860
8979
8861
8980
8862
8981
8863
8982
8864
8983
8865
8984
8866
8985
8867
8986
8868
8987
8869
8988
8870
8989
8871
8990
8872
8991
8873
8992
8874
8993
8875
8994
8876
8995
8877
8996
8878
8997
8879
8998
8880
8999
8881
9000
8882
9001
8883
9002
8884
9003
8885
9004
8886
9005
8887
9006
8888
9007
8889
9008
8890
9009
8891
9010
8892
9011
8893
9012
8894
9013
8895
9014
8896
9015
8897
9016
8898
9017
8899
9018
8900
9019
8901
9020
8902
9021
8903
9022
8904
9023
8905
9024
8906
9025
8907
9026
8908
9027
8909
9028
8910
9029
8911
9030
8912
9031
8913
9032
8914
9033
8915
9034
8916
9035
8917
9036
8918
9037
8919
9038
8920
9039
8921
9040
8922
9041
8923
9042
8924
9043
8925
9044
8926
9045
8927
9046
8928
9047
8929
9048
8930
9049
8931
9050
8932
9051
8933
9052
8934
9053
8935
9054
8936
9055
8937
9056
8938
9057
8939
9058
8940
9059
8941
9060
8942
9061
8943
9062
8944
9063
8945
9064
8946
9065
8947
9066
8948
9067
8949
9068
8950
9069
8951
9070
8952
9071
8953
9072
8954
9073
8955
9074
8956
9075
8957
9076
8958
9077
8959
9078
9079
8961
9080
8962
9081
8963
9082
8964
9083
8965
9084
8966
9085
8967
9086
8968
9087
8969
9088
8970
9089
8971
9090
8972
9091
8973
9092
8974
9093
8975
9094
8976
9095
8977
9096
8978
9097
8979
9098
8980
9099
8981
9100
8982
9101
8983
9102
8984
9103
8985
9104
8986
9105
8987
9106
8988
9107
8989
9108
8990
9109
8991
9110
8992
9111
8993
9112
8994
9113
8995
9114
8996
9115
8997
9116
8998
9117
8999
9118
9000
9119
9001
9120
9002
9121
9003
9122
9004
9123
9005
9124
9006
9125
9007
9126
9008
9127
9009
9128
9010
9129
9011
9130
9012
9131
9013
9132
9014
9133
9015
9134
9016
9135
9017
9136
9018
9137
9019
9138
9020
9139
9021
9140
9022
9141
9023
9142
9024
9143
9025
9144
9026
9145
9027
9146
9028
9147
9029
9148
9030
9149
9031
9150
9032
9151
9033
9152
9034
9153
9035
9154
9036
9155
9037
9156
9038
9157
9039
9158
9040
9159
9041
9160
9042
9161
9043
9162
9044
9163
9045
9164
9046
9165
9047
9166
9048
9167
9049
9168
9050
9169
9051
9170
9052
9171
9053
9172
9054
9173
9055
9174
9056
9175
9057
9176
9058
9177
9059
9178
9060
9179
9061
9180
9062
9181
9063
9182
9064
9183
9065
9184
9066
9185
9067
9186
9068
9187
9069
9188
9070
9189
9071
9190
9072
9191
9073
9192
9074
9193
9075
9194
9076
9195
9077
9196
9078
9197
9079
9198
9199
9081
9082
9083
9084
9085
9086
9087
9088
9089
9090
9091
9092
9093
9094
9095
9096
9097
9098
9099
9100
9101
9102
9103
9104
9105
9106
9107
9108
9109
9110
9111
9112
9113
9114
9115
9116
9117
9118
9119
9120
9121
9122
9123
9124
9125
9126
9127
9128
9129
9130
9131
9132
9133
9134
9135
9136
9137
9138
9139
9140
9141
9142
9143
9144
9145
9146
9147
9148
9149
9150
9151
9152
9153
9154
9155
9156
9157
9158
9159
9160
9161
9162
9163
9164
9165
9166
9167
9168
9169
9170
9171
9172
9173
9174
9175
9176
9177
9178
9179
9180
9181
9182
9183
9184
9185
9186
9187
9188
9189
9190
9191
9192
9193
9194
9195
9196
9197
9198
9199
)


// ************************************************************************* //
